    0.0000   -8.0195
    0.0354   -8.0077
    0.0707   -7.9885
    0.1061   -7.9472
    0.1414   -7.8676
    0.1768   -7.7646
    0.2121   -7.6536
    0.2475   -7.5033
    0.2828   -7.3312
    0.3182   -7.1362
    0.3536   -6.9183
    0.3889   -6.6777
    0.4243   -6.4092
    0.4596   -6.1246
    0.4950   -5.8181
    0.5303   -5.5078
    0.5657   -5.1604
    0.6010   -4.7928
    0.6364   -4.4057
    0.6718   -4.0002
    0.7071   -3.6108
    0.7425   -3.1747
    0.7778   -2.7255
    0.8132   -2.2835
    0.8485   -1.8195
    0.8839   -1.3562
    0.9192   -0.9031
    0.9546   -0.4724
    0.9899   -0.0819
    1.0253    0.2475
    1.0607    0.4975
    1.0960    0.6615
    1.1314    0.7589
    1.1667    0.7931
    1.2021    0.7917
    1.2374    0.7711
    1.2728    0.7344
    1.3081    0.7052
    1.3435    0.6825
    1.3789    0.6629
    1.4142    0.6579
    1.4475    0.1215
    1.4809   -0.3823
    1.5142   -0.8955
    1.5475   -1.3951
    1.5809   -1.8802
    1.6142   -2.3502
    1.6475   -2.8044
    1.6809   -3.2421
    1.7142   -3.6628
    1.7475   -4.0661
    1.7809   -4.4514
    1.8142   -4.8185
    1.8475   -5.1670
    1.8809   -5.4967
    1.9142   -5.8072
    1.9475   -6.0642
    1.9809   -6.3385
    2.0142   -6.5927
    2.0475   -6.8269
    2.0809   -7.0407
    2.1142   -7.2400
    2.1475   -7.3981
    2.1809   -7.5516
    2.2142   -7.6844
    2.2475   -7.7965
    2.2809   -7.8880
    2.3142   -7.9586
    2.3475   -7.9934
    2.3809   -8.0090
    2.4142   -8.0195
    2.4431   -8.0116
    2.4719   -8.0000
    2.5008   -7.9739
    2.5297   -7.9209
    2.5586   -7.8639
    2.5874   -7.7801
    2.6163   -7.6807
    2.6452   -7.5660
    2.6740   -7.4357
    2.7029   -7.2863
    2.7318   -7.1260
    2.7606   -6.9504
    2.7895   -6.7597
    2.8184   -6.5540
    2.8472   -6.3335
    2.8761   -6.0984
    2.9050   -5.8488
    2.9338   -5.5851
    2.9627   -5.3078
    2.9916   -5.0172
    3.0204   -4.7141
    3.0493   -4.3995
    3.0782   -4.1245
    3.1070   -3.7938
    3.1359   -3.4710
    3.1648   -3.1371
    3.1936   -2.8150
    3.2225   -2.5259
    3.2514   -2.3099
    3.2802   -2.2258
    3.3091   -2.2309
    3.3380   -2.2423
    3.3668   -2.2579
    3.3957   -2.2745
    3.4246   -2.2905
    3.4534   -2.3035
    3.4823   -2.2926
    3.5112   -2.2943
    3.5400   -2.3058
    3.5689   -2.2971
    3.5978   -2.2706
    3.6266   -2.2260
    3.6555   -2.1761
    3.6844   -2.1019
    3.7133   -2.0266
    3.7421   -1.9383
    3.7710   -1.8365
    3.7999   -1.7212
    3.8287   -1.5924
    3.8576   -1.4487
    3.8865   -1.2931
    3.9153   -1.1241
    3.9442   -0.9459
    3.9731   -0.7516
    4.0019   -0.5433
    4.0308   -0.3223
    4.0597   -0.0997
    4.0885    0.1451
    4.1174    0.3919
    4.1463    0.6579
    4.1629    0.6596
    4.1796    0.6648
    4.1963    0.6735
    4.2129    0.6888
    4.2296    0.7041
    4.2463    0.7369
    4.2629    0.7585
    4.2796    0.7832
    4.2963    0.8108
    4.3129    0.8414
    4.3296    0.8746
    4.3463    0.9127
    4.3629    0.9444
    4.3796    0.9841
    4.3963    1.0255
    4.4129    1.0683
    4.4296    1.1120
    4.4463    1.1562
    4.4629    1.2005
    4.4796    1.2442
    4.4963    1.2869
    4.5129    1.3248
    4.5296    1.3634
    4.5463    1.3989
    4.5629    1.4305
    4.5796    1.4575
    4.5963    1.4855
    4.6129    1.5015
    4.6296    1.5113
    4.6463    1.5146
    4.6698    1.3182
    4.6934    1.1140
    4.7170    0.9064
    4.7405    0.6988
    4.7641    0.4934
    4.7877    0.2918
    4.8113    0.0953
    4.8348   -0.0975
    4.8584   -0.2818
    4.8820   -0.4591
    4.9055   -0.6288
    4.9291   -0.7906
    4.9527   -0.9447
    4.9762   -1.0850
    4.9998   -1.2221
    5.0234   -1.3506
    5.0470   -1.4703
    5.0705   -1.5941
    5.0941   -1.6830
    5.1177   -1.7776
    5.1412   -1.8631
    5.1648   -1.9320
    5.1884   -2.0007
    5.2119   -2.0642
    5.2355   -2.1150
    5.2591   -2.1565
    5.2827   -2.1875
    5.3062   -2.2105
    5.3298   -2.2225
    5.3534   -2.2258
 
    0.0000   13.9942
    0.0354   13.9135
    0.0707   13.6244
    0.1061   13.2665
    0.1414   12.8026
    0.1768   12.3273
    0.2121   11.7546
    0.2475   11.2274
    0.2828   10.6876
    0.3182   10.1428
    0.3536    9.5985
    0.3889    9.0588
    0.4243    8.5349
    0.4596    8.0132
    0.4950    7.5035
    0.5303    7.0073
    0.5657    6.5259
    0.6010    6.0603
    0.6364    5.6114
    0.6718    5.1798
    0.7071    4.7575
    0.7425    4.3617
    0.7778    3.9847
    0.8132    3.6603
    0.8485    3.3198
    0.8839    2.9992
    0.9192    2.6986
    0.9546    2.4182
    0.9899    2.1581
    1.0253    1.9186
    1.0607    1.6997
    1.0960    1.5016
    1.1314    1.3426
    1.1667    1.1833
    1.2021    1.0470
    1.2374    0.9319
    1.2728    0.8380
    1.3081    0.7641
    1.3435    0.7124
    1.3789    0.6685
    1.4142    0.6579
    1.4475    1.2048
    1.4809    1.7614
    1.5142    2.3259
    1.5475    2.8970
    1.5809    3.4810
    1.6142    4.0618
    1.6475    4.6445
    1.6809    5.2272
    1.7142    5.7563
    1.7475    6.3294
    1.7809    6.8967
    1.8142    7.4562
    1.8475    8.0062
    1.8809    8.5446
    1.9142    9.0698
    1.9475    9.5797
    1.9809   10.0654
    2.0142   10.4271
    2.0475   10.7623
    2.0809   11.1072
    2.1142   11.4558
    2.1475   11.8270
    2.1809   12.1846
    2.2142   12.5361
    2.2475   12.9408
    2.2809   13.2549
    2.3142   13.5298
    2.3475   13.7896
    2.3809   13.9445
    2.4142   13.9942
    2.4431   13.9292
    2.4719   13.7073
    2.5008   13.3646
    2.5297   12.9949
    2.5586   12.4920
    2.5874   12.0153
    2.6163   11.5023
    2.6452   10.9414
    2.6740   10.3856
    2.7029    9.8300
    2.7318    9.2510
    2.7606    8.6658
    2.7895    8.0775
    2.8184    7.4888
    2.8472    6.9017
    2.8761    6.3183
    2.9050    5.7400
    2.9338    5.1685
    2.9627    4.6052
    2.9916    4.0514
    3.0204    3.5086
    3.0493    2.9784
    3.0782    2.4541
    3.1070    1.9746
    3.1359    1.4796
    3.1648    1.0278
    3.1936    0.6138
    3.2225    0.2588
    3.2514    0.0031
    3.2802   -0.0938
    3.3091   -0.0773
    3.3380   -0.0267
    3.3668    0.0563
    3.3957    0.1711
    3.4246    0.3129
    3.4534    0.4790
    3.4823    0.6737
    3.5112    0.8796
    3.5400    1.1019
    3.5689    1.3289
    3.5978    1.5763
    3.6266    1.8616
    3.6555    2.1148
    3.6844    2.3807
    3.7133    2.6361
    3.7421    2.8752
    3.7710    3.0844
    3.7999    3.2371
    3.8287    3.3090
    3.8576    3.2764
    3.8865    3.1449
    3.9153    2.9370
    3.9442    2.6705
    3.9731    2.3930
    4.0019    2.1001
    4.0308    1.8051
    4.0597    1.5106
    4.0885    1.2205
    4.1174    0.9334
    4.1463    0.6579
    4.1629    0.6596
    4.1796    0.6648
    4.1963    0.6735
    4.2129    0.6888
    4.2296    0.7041
    4.2463    0.7369
    4.2629    0.7585
    4.2796    0.7832
    4.2963    0.8108
    4.3129    0.8414
    4.3296    0.8746
    4.3463    0.9127
    4.3629    0.9444
    4.3796    0.9841
    4.3963    1.0255
    4.4129    1.0683
    4.4296    1.1120
    4.4463    1.1562
    4.4629    1.2005
    4.4796    1.2442
    4.4963    1.2869
    4.5129    1.3248
    4.5296    1.3634
    4.5463    1.3989
    4.5629    1.4305
    4.5796    1.4575
    4.5963    1.4855
    4.6129    1.5015
    4.6296    1.5113
    4.6463    1.5146
    4.6698    1.6968
    4.6934    1.8563
    4.7170    1.9825
    4.7405    2.0646
    4.7641    2.0959
    4.7877    2.0765
    4.8113    2.0140
    4.8348    1.8987
    4.8584    1.7805
    4.8820    1.6493
    4.9055    1.5112
    4.9291    1.3705
    4.9527    1.2299
    4.9762    1.0979
    4.9998    0.9650
    5.0234    0.8378
    5.0470    0.7170
    5.0705    0.5903
    5.0941    0.4876
    5.1177    0.3898
    5.1412    0.3007
    5.1648    0.2102
    5.1884    0.1386
    5.2119    0.0761
    5.2355    0.0232
    5.2591   -0.0203
    5.2827   -0.0529
    5.3062   -0.0771
    5.3298   -0.0902
    5.3534   -0.0938
 
    0.0000   13.9942
    0.0354   13.9381
    0.0707   13.7677
    0.1061   13.4611
    0.1414   13.1278
    0.1768   12.7450
    0.2121   12.2253
    0.2475   11.7810
    0.2828   11.3117
    0.3182   10.8293
    0.3536   10.3395
    0.3889    9.8471
    0.4243    9.3738
    0.4596    8.8880
    0.4950    8.4097
    0.5303    7.9341
    0.5657    7.4779
    0.6010    7.0359
    0.6364    6.6099
    0.6718    6.2018
    0.7071    5.7900
    0.7425    5.4245
    0.7778    5.0836
    0.8132    4.7819
    0.8485    4.4986
    0.8839    4.2527
    0.9192    4.0477
    0.9546    3.9048
    0.9899    3.8351
    1.0253    3.8573
    1.0607    3.9867
    1.0960    4.2255
    1.1314    4.6245
    1.1667    5.0100
    1.2021    5.4478
    1.2374    5.8938
    1.2728    6.3142
    1.3081    6.6645
    1.3435    6.9615
    1.3789    7.1243
    1.4142    7.1907
    1.4475    7.2010
    1.4809    7.2587
    1.5142    7.3095
    1.5475    7.3807
    1.5809    7.4777
    1.6142    7.5894
    1.6475    7.7212
    1.6809    7.8727
    1.7142    8.0438
    1.7475    8.2341
    1.7809    8.4432
    1.8142    8.6708
    1.8475    8.9162
    1.8809    9.1789
    1.9142    9.4581
    1.9475    9.7562
    1.9809   10.0654
    2.0142   10.4271
    2.0475   10.7623
    2.0809   11.1072
    2.1142   11.4558
    2.1475   11.8270
    2.1809   12.1846
    2.2142   12.5361
    2.2475   12.9408
    2.2809   13.2549
    2.3142   13.5298
    2.3475   13.7896
    2.3809   13.9445
    2.4142   13.9942
    2.4431   13.9786
    2.4719   13.9151
    2.5008   13.8247
    2.5297   13.7265
    2.5586   13.5793
    2.5874   13.4480
    2.6163   13.3052
    2.6452   13.0859
    2.6740   12.9300
    2.7029   12.7725
    2.7318   12.6149
    2.7606   12.4594
    2.7895   12.3076
    2.8184   12.1607
    2.8472   12.0197
    2.8761   11.8854
    2.9050   11.7586
    2.9338   11.6398
    2.9627   11.5294
    2.9916   11.4278
    3.0204   11.3353
    3.0493   11.2521
    3.0782   11.1707
    3.1070   11.1065
    3.1359   11.0517
    3.1648   11.0071
    3.1936   10.9725
    3.2225   10.9478
    3.2514   10.9332
    3.2802   10.9410
    3.3091   10.8655
    3.3380   10.7512
    3.3668   10.6004
    3.3957   10.4082
    3.4246   10.1712
    3.4534    9.8959
    3.4823    9.6064
    3.5112    9.2742
    3.5400    8.9225
    3.5689    8.5530
    3.5978    8.1799
    3.6266    7.8409
    3.6555    7.4450
    3.6844    7.0756
    3.7133    6.7248
    3.7421    6.3998
    3.7710    6.1288
    3.7999    5.9075
    3.8287    5.7955
    3.8576    5.8013
    3.8865    5.8816
    3.9153    6.0329
    3.9442    6.2149
    3.9731    6.4167
    4.0019    6.6104
    4.0308    6.8055
    4.0597    6.9714
    4.0885    7.0983
    4.1174    7.1636
    4.1463    7.1907
    4.1629    7.1844
    4.1796    7.1655
    4.1963    7.1344
    4.2129    7.0934
    4.2296    7.0395
    4.2463    7.0051
    4.2629    6.9313
    4.2796    6.8491
    4.2963    6.7594
    4.3129    6.6635
    4.3296    6.5625
    4.3463    6.4825
    4.3629    6.3644
    4.3796    6.2539
    4.3963    6.1425
    4.4129    6.0314
    4.4296    5.9214
    4.4463    5.8138
    4.4629    5.7094
    4.4796    5.6094
    4.4963    5.5146
    4.5129    5.4177
    4.5296    5.3370
    4.5463    5.2645
    4.5629    5.2013
    4.5796    5.1482
    4.5963    5.1189
    4.6129    5.0879
    4.6296    5.0691
    4.6463    5.0628
    4.6698    4.8924
    4.6934    4.7586
    4.7170    4.6723
    4.7405    4.6283
    4.7641    4.6657
    4.7877    4.7682
    4.8113    4.9285
    4.8348    5.1315
    4.8584    5.3765
    4.8820    5.6485
    4.9055    5.9412
    4.9291    6.2496
    4.9527    6.5022
    4.9762    6.8555
    4.9998    7.1900
    5.0234    7.5284
    5.0470    7.8685
    5.0705    8.1951
    5.0941    8.5309
    5.1177    8.8602
    5.1412    9.1799
    5.1648    9.4839
    5.1884    9.7723
    5.2119   10.0284
    5.2355   10.2660
    5.2591   10.4702
    5.2827   10.6381
    5.3062   10.7598
    5.3298   10.8692
    5.3534   10.9410
 
    0.0000   13.9942
    0.0354   13.9872
    0.0707   13.9411
    0.1061   13.8716
    0.1414   13.8191
    0.1768   13.7512
    0.2121   13.5467
    0.2475   13.4425
    0.2828   13.3208
    0.3182   13.1812
    0.3536   13.0236
    0.3889   12.8481
    0.4243   12.6559
    0.4596   12.4464
    0.4950   12.2217
    0.5303   11.9833
    0.5657   11.7332
    0.6010   11.4734
    0.6364   11.2063
    0.6718   10.9341
    0.7071   10.5955
    0.7425   10.3210
    0.7778   10.0484
    0.8132    9.7884
    0.8485    9.5252
    0.8839    9.2701
    0.9192    8.9936
    0.9546    8.7586
    0.9899    8.5361
    1.0253    8.3275
    1.0607    8.1337
    1.0960    7.9558
    1.1314    7.8213
    1.1667    7.6765
    1.2021    7.5499
    1.2374    7.4419
    1.2728    7.3530
    1.3081    7.2836
    1.3435    7.2338
    1.3789    7.2008
    1.4142    7.1907
    1.4475    7.2010
    1.4809    7.2587
    1.5142    7.3095
    1.5475    7.3807
    1.5809    7.4777
    1.6142    7.5894
    1.6475    7.7212
    1.6809    7.8727
    1.7142    8.0438
    1.7475    8.2341
    1.7809    8.4432
    1.8142    8.6708
    1.8475    8.9162
    1.8809    9.1789
    1.9142    9.4581
    1.9475    9.7562
    1.9809   10.0726
    2.0142   10.5465
    2.0475   10.9993
    2.0809   11.4287
    2.1142   11.8321
    2.1475   12.2092
    2.1809   12.5506
    2.2142   12.8563
    2.2475   13.1983
    2.2809   13.4288
    2.3142   13.6433
    2.3475   13.7982
    2.3809   13.9655
    2.4142   13.9942
    2.4431   13.9786
    2.4719   13.9151
    2.5008   13.8247
    2.5297   13.7265
    2.5586   13.5793
    2.5874   13.4480
    2.6163   13.3052
    2.6452   13.0859
    2.6740   12.9300
    2.7029   12.7725
    2.7318   12.6149
    2.7606   12.4594
    2.7895   12.3076
    2.8184   12.1607
    2.8472   12.0197
    2.8761   11.8854
    2.9050   11.7586
    2.9338   11.6398
    2.9627   11.5294
    2.9916   11.4278
    3.0204   11.3353
    3.0493   11.2521
    3.0782   11.1707
    3.1070   11.1065
    3.1359   11.0517
    3.1648   11.0071
    3.1936   10.9725
    3.2225   10.9478
    3.2514   10.9332
    3.2802   10.9410
    3.3091   10.9215
    3.3380   10.8351
    3.3668   10.7123
    3.3957   10.6089
    3.4246   10.4822
    3.4534   10.3357
    3.4823   10.1800
    3.5112   10.0051
    3.5400    9.8196
    3.5689    9.6296
    3.5978    9.4372
    3.6266    9.2446
    3.6555    9.0517
    3.6844    8.8606
    3.7133    8.6785
    3.7421    8.5033
    3.7710    8.3361
    3.7999    8.1781
    3.8287    8.0453
    3.8576    7.9074
    3.8865    7.7810
    3.9153    7.6612
    3.9442    7.5593
    3.9731    7.4704
    4.0019    7.3947
    4.0308    7.3325
    4.0597    7.2568
    4.0885    7.2219
    4.1174    7.1978
    4.1463    7.1907
    4.1629    7.1844
    4.1796    7.1655
    4.1963    7.1344
    4.2129    7.0934
    4.2296    7.0395
    4.2463    7.0051
    4.2629    6.9313
    4.2796    6.8491
    4.2963    6.7594
    4.3129    6.6635
    4.3296    6.5625
    4.3463    6.4825
    4.3629    6.3644
    4.3796    6.2539
    4.3963    6.1425
    4.4129    6.0314
    4.4296    5.9214
    4.4463    5.8138
    4.4629    5.7094
    4.4796    5.6094
    4.4963    5.5146
    4.5129    5.4177
    4.5296    5.3370
    4.5463    5.2645
    4.5629    5.2013
    4.5796    5.1482
    4.5963    5.1189
    4.6129    5.0879
    4.6296    5.0691
    4.6463    5.0628
    4.6698    5.2609
    4.6934    5.4799
    4.7170    5.7149
    4.7405    5.9553
    4.7641    6.2117
    4.7877    6.4749
    4.8113    6.7429
    4.8348    7.0325
    4.8584    7.3051
    4.8820    7.5776
    4.9055    7.8484
    4.9291    8.1160
    4.9527    8.3659
    4.9762    8.6290
    4.9998    8.8769
    5.0234    9.1155
    5.0470    9.3433
    5.0705    9.5372
    5.0941    9.7407
    5.1177    9.9288
    5.1412   10.1014
    5.1648   10.2562
    5.1884   10.3956
    5.2119   10.5171
    5.2355   10.6210
    5.2591   10.7065
    5.2827   10.8219
    5.3062   10.8697
    5.3298   10.9284
    5.3534   10.9410
 
    0.0000   19.4045
    0.0354   19.4168
    0.0707   19.4319
    0.1061   19.4606
    0.1414   19.5449
    0.1768   19.6535
    0.2121   19.7160
    0.2475   19.8715
    0.2828   20.0507
    0.3182   20.2532
    0.3536   20.4788
    0.3889   20.7271
    0.4243   21.0346
    0.4596   21.3268
    0.4950   21.6404
    0.5303   21.9612
    0.5657   22.2023
    0.6010   22.0506
    0.6364   21.8582
    0.6718   21.6341
    0.7071   21.3791
    0.7425   21.1176
    0.7778   20.8482
    0.8132   20.6043
    0.8485   20.3329
    0.8839   20.0680
    0.9192   19.8125
    0.9546   19.5690
    0.9899   19.3392
    1.0253   19.1245
    1.0607   18.9261
    1.0960   18.7449
    1.1314   18.5884
    1.1667   18.4309
    1.2021   18.3039
    1.2374   18.1963
    1.2728   18.1083
    1.3081   18.0369
    1.3435   17.9881
    1.3789   17.9489
    1.4142   17.9389
    1.4475   17.8000
    1.4809   17.6856
    1.5142   17.5938
    1.5475   17.5241
    1.5809   17.4758
    1.6142   17.4476
    1.6475   17.4389
    1.6809   17.4486
    1.7142   17.4275
    1.7475   17.4676
    1.7809   17.5231
    1.8142   17.5929
    1.8475   17.6757
    1.8809   17.7703
    1.9142   17.8754
    1.9475   18.0127
    1.9809   18.1373
    2.0142   18.2696
    2.0475   18.4033
    2.0809   18.5385
    2.1142   18.5882
    2.1475   18.7172
    2.1809   18.8379
    2.2142   18.9498
    2.2475   19.0507
    2.2809   19.1363
    2.3142   19.2047
    2.3475   19.2806
    2.3809   19.3930
    2.4142   19.4045
    2.4431   19.4250
    2.4719   19.4749
    2.5008   19.5454
    2.5297   19.6731
    2.5586   19.7606
    2.5874   19.9319
    2.6163   20.1190
    2.6452   20.3081
    2.6740   20.5083
    2.7029   20.7244
    2.7318   20.9193
    2.7606   21.1056
    2.7895   21.2799
    2.8184   21.4395
    2.8472   21.5824
    2.8761   21.7073
    2.9050   21.8137
    2.9338   21.9019
    2.9627   21.9730
    2.9916   22.0158
    3.0204   22.0509
    3.0493   22.0813
    3.0782   22.0815
    3.1070   22.0936
    3.1359   22.0967
    3.1648   22.0994
    3.1936   22.1000
    3.2225   22.0995
    3.2514   22.0989
    3.2802   22.1020
    3.3091   22.0818
    3.3380   22.0158
    3.3668   21.9025
    3.3957   21.7582
    3.4246   21.5839
    3.4534   21.3865
    3.4823   21.2511
    3.5112   21.0206
    3.5400   20.7707
    3.5689   20.5243
    3.5978   20.2882
    3.6266   20.0730
    3.6555   19.8390
    3.6844   19.6230
    3.7133   19.4128
    3.7421   19.2130
    3.7710   19.0333
    3.7999   18.8567
    3.8287   18.6933
    3.8576   18.5488
    3.8865   18.4118
    3.9153   18.2829
    3.9442   18.1736
    3.9731   18.0804
    4.0019   17.9981
    4.0308   17.9385
    4.0597   17.8978
    4.0885   17.8800
    4.1174   17.8873
    4.1463   17.9389
    4.1629   17.9504
    4.1796   17.9849
    4.1963   18.0419
    4.2129   18.1231
    4.2296   18.2235
    4.2463   18.3526
    4.2629   18.4932
    4.2796   18.6526
    4.2963   18.8299
    4.3129   19.0240
    4.3296   19.2337
    4.3463   19.4623
    4.3629   19.6927
    4.3796   19.9424
    4.3963   20.2034
    4.4129   20.4748
    4.4296   20.7556
    4.4463   21.0446
    4.4629   21.3408
    4.4796   21.6430
    4.4963   21.9499
    4.5129   22.2404
    4.5296   22.5486
    4.5463   22.8551
    4.5629   23.1560
    4.5796   23.4450
    4.5963   23.7338
    4.6129   23.9661
    4.6296   24.1312
    4.6463   24.1925
    4.6698   24.0077
    4.6934   23.8030
    4.7170   23.5909
    4.7405   23.3763
    4.7641   23.1690
    4.7877   22.9706
    4.8113   22.7832
    4.8348   22.5987
    4.8584   22.4368
    4.8820   22.2903
    4.9055   22.1600
    4.9291   22.0465
    4.9527   21.9381
    4.9762   21.8651
    4.9998   21.8049
    5.0234   21.7628
    5.0470   21.7384
    5.0705   21.6995
    5.0941   21.7173
    5.1177   21.7393
    5.1412   21.7741
    5.1648   21.8141
    5.1884   21.8671
    5.2119   21.8743
    5.2355   21.9291
    5.2591   21.9809
    5.2827   22.0260
    5.3062   22.0614
    5.3298   22.0892
    5.3534   22.1020
 
    0.0000   19.4045
    0.0354   19.4468
    0.0707   19.4858
    0.1061   19.6467
    0.1414   19.8884
    0.1768   20.1689
    0.2121   20.4575
    0.2475   20.8088
    0.2828   21.1428
    0.3182   21.4901
    0.3536   21.8499
    0.3889   22.1083
    0.4243   22.2796
    0.4596   22.3454
    0.4950   22.3539
    0.5303   22.3053
    0.5657   22.3149
    0.6010   22.6878
    0.6364   23.0791
    0.6718   23.4877
    0.7071   23.8366
    0.7425   24.2720
    0.7778   24.7204
    0.8132   25.1983
    0.8485   25.6663
    0.8839   26.1410
    0.9192   26.6197
    0.9546   27.0996
    0.9899   26.1783
    1.0253   25.2230
    1.0607   24.2648
    1.0960   23.3208
    1.1314   22.4748
    1.1667   21.5843
    1.2021   20.7501
    1.2374   19.9848
    1.2728   19.3047
    1.3081   18.7357
    1.3435   18.3042
    1.3789   18.0320
    1.4142   17.9389
    1.4475   18.1026
    1.4809   18.3067
    1.5142   18.5224
    1.5475   18.7659
    1.5809   19.0891
    1.6142   19.3890
    1.6475   19.7195
    1.6809   20.0811
    1.7142   20.4739
    1.7475   20.8980
    1.7809   21.3525
    1.8142   21.8358
    1.8475   22.3455
    1.8809   22.8775
    1.9142   23.4256
    1.9475   23.9813
    1.9809   24.4859
    2.0142   23.9770
    2.0475   23.4382
    2.0809   22.9060
    2.1142   22.3540
    2.1475   21.9794
    2.1809   21.4814
    2.2142   21.0078
    2.2475   20.5749
    2.2809   20.1748
    2.3142   19.8336
    2.3475   19.6187
    2.3809   19.4644
    2.4142   19.4045
    2.4431   19.4250
    2.4719   19.4749
    2.5008   19.5454
    2.5297   19.6731
    2.5586   19.7606
    2.5874   19.9319
    2.6163   20.1190
    2.6452   20.3081
    2.6740   20.5083
    2.7029   20.7244
    2.7318   20.9193
    2.7606   21.1056
    2.7895   21.2799
    2.8184   21.4395
    2.8472   21.5824
    2.8761   21.7073
    2.9050   21.8137
    2.9338   21.9019
    2.9627   21.9730
    2.9916   22.0284
    3.0204   22.0700
    3.0493   22.0999
    3.0782   22.0815
    3.1070   22.0936
    3.1359   22.0967
    3.1648   22.0994
    3.1936   22.1000
    3.2225   22.0995
    3.2514   22.0989
    3.2802   22.1020
    3.3091   22.1294
    3.3380   22.2105
    3.3668   22.3399
    3.3957   22.5296
    3.4246   22.7672
    3.4534   23.0483
    3.4823   23.4064
    3.5112   23.7606
    3.5400   24.1417
    3.5689   24.5182
    3.5978   24.9461
    3.6266   25.4017
    3.6555   25.8568
    3.6844   25.6626
    3.7133   24.9890
    3.7421   24.3127
    3.7710   23.6441
    3.7999   22.9839
    3.8287   22.3524
    3.8576   21.7501
    3.8865   21.1531
    3.9153   20.5711
    3.9442   20.0429
    3.9731   19.5614
    4.0019   19.1275
    4.0308   18.7586
    4.0597   18.4475
    4.0885   18.2129
    4.1174   18.0427
    4.1463   17.9389
    4.1629   17.9504
    4.1796   17.9849
    4.1963   18.0419
    4.2129   18.1231
    4.2296   18.2235
    4.2463   18.3526
    4.2629   18.4932
    4.2796   18.6526
    4.2963   18.8299
    4.3129   19.0240
    4.3296   19.2337
    4.3463   19.4623
    4.3629   19.6927
    4.3796   19.9424
    4.3963   20.2034
    4.4129   20.4748
    4.4296   20.7556
    4.4463   21.0446
    4.4629   21.3408
    4.4796   21.6430
    4.4963   21.9499
    4.5129   22.2404
    4.5296   22.5486
    4.5463   22.8551
    4.5629   23.1560
    4.5796   23.4450
    4.5963   23.7338
    4.6129   23.9661
    4.6296   24.1312
    4.6463   24.1925
    4.6698   24.3391
    4.6934   24.4267
    4.7170   24.4437
    4.7405   24.3974
    4.7641   24.3078
    4.7877   24.1919
    4.8113   24.0618
    4.8348   23.9232
    4.8584   23.7844
    4.8820   23.6463
    4.9055   23.5110
    4.9291   23.3797
    4.9527   23.2500
    4.9762   23.1622
    4.9998   23.0457
    5.0234   22.9357
    5.0470   22.8326
    5.0705   22.6823
    5.0941   22.6010
    5.1177   22.5194
    5.1412   22.4452
    5.1648   22.3784
    5.1884   22.3197
    5.2119   22.2680
    5.2355   22.2246
    5.2591   22.1887
    5.2827   22.1685
    5.3062   22.1419
    5.3298   22.1185
    5.3534   22.1020
 
    0.0000   19.4045
    0.0354   19.4713
    0.0707   19.6279
    0.1061   19.8357
    0.1414   20.1561
    0.1768   20.5035
    0.2121   20.8048
    0.2475   21.1364
    0.2828   21.4402
    0.3182   21.7074
    0.3536   21.9317
    0.3889   22.2220
    0.4243   22.6361
    0.4596   23.0320
    0.4950   23.4419
    0.5303   23.8645
    0.5657   24.3052
    0.6010   24.7614
    0.6364   25.2332
    0.6718   25.7202
    0.7071   26.1686
    0.7425   26.6779
    0.7778   27.1911
    0.8132   27.7216
    0.8485   28.1606
    0.8839   28.3358
    0.9192   27.9044
    0.9546   27.0998
    0.9899   27.5770
    1.0253   28.0481
    1.0607   28.5084
    1.0960   28.9531
    1.1314   29.4660
    1.1667   29.8608
    1.2021   30.2220
    1.2374   30.5431
    1.2728   30.6958
    1.3081   30.9124
    1.3435   31.0713
    1.3789   31.1684
    1.4142   31.2011
    1.4475   31.1624
    1.4809   31.0482
    1.5142   30.8623
    1.5475   30.6115
    1.5809   30.3159
    1.6142   29.9579
    1.6475   29.5588
    1.6809   29.1258
    1.7142   28.6554
    1.7475   28.1723
    1.7809   27.6716
    1.8142   27.1572
    1.8475   26.6324
    1.8809   26.0999
    1.9142   25.5623
    1.9475   25.0274
    1.9809   24.4859
    2.0142   23.9770
    2.0475   23.4382
    2.0809   22.9060
    2.1142   22.3540
    2.1475   21.9794
    2.1809   21.4814
    2.2142   21.0078
    2.2475   20.5749
    2.2809   20.1748
    2.3142   19.8336
    2.3475   19.6187
    2.3809   19.4644
    2.4142   19.4045
    2.4431   19.4448
    2.4719   19.4749
    2.5008   19.6203
    2.5297   19.8292
    2.5586   20.0501
    2.5874   20.2809
    2.6163   20.5058
    2.6452   20.7107
    2.6740   20.9070
    2.7029   21.1415
    2.7318   21.2950
    2.7606   21.4296
    2.7895   21.5466
    2.8184   21.6476
    2.8472   21.7345
    2.8761   21.8091
    2.9050   21.8730
    2.9338   21.9279
    2.9627   21.9751
    2.9916   22.0284
    3.0204   22.0700
    3.0493   22.0999
    3.0782   22.1072
    3.1070   22.1303
    3.1359   22.1390
    3.1648   22.1545
    3.1936   22.1672
    3.2225   22.1773
    3.2514   22.1850
    3.2802   22.2184
    3.3091   22.2368
    3.3380   22.2954
    3.3668   22.4358
    3.3957   22.6517
    3.4246   22.9214
    3.4534   23.2381
    3.4823   23.6136
    3.5112   24.0050
    3.5400   24.4106
    3.5689   24.8527
    3.5978   25.3133
    3.6266   25.7980
    3.6555   26.2348
    3.6844   26.3430
    3.7133   26.8109
    3.7421   27.2778
    3.7710   27.7395
    3.7999   28.1913
    3.8287   28.6703
    3.8576   29.0958
    3.8865   29.4898
    3.9153   29.8439
    3.9442   30.0637
    3.9731   30.3556
    4.0019   30.6081
    4.0308   30.8186
    4.0597   30.9845
    4.0885   31.1044
    4.1174   31.1769
    4.1463   31.2011
    4.1629   31.1950
    4.1796   31.1766
    4.1963   31.1458
    4.2129   31.1692
    4.2296   31.1116
    4.2463   31.1084
    4.2629   31.0227
    4.2796   30.9223
    4.2963   30.8066
    4.3129   30.6752
    4.3296   30.5279
    4.3463   30.4280
    4.3629   30.2179
    4.3796   30.0209
    4.3963   29.8080
    4.4129   29.5802
    4.4296   29.3381
    4.4463   29.0829
    4.4629   28.8158
    4.4796   28.5385
    4.4963   28.2526
    4.5129   28.0024
    4.5296   27.7061
    4.5463   27.4090
    4.5629   27.1155
    4.5796   26.8321
    4.5963   26.6040
    4.6129   26.3729
    4.6296   26.2085
    4.6463   26.1473
    4.6698   26.0811
    4.6934   26.0876
    4.7170   26.1770
    4.7405   26.3370
    4.7641   26.5507
    4.7877   26.7942
    4.8113   27.0490
    4.8348   27.2569
    4.8584   27.4779
    4.8820   27.6495
    4.9055   27.7406
    4.9291   27.7211
    4.9527   27.5634
    4.9762   27.3720
    4.9998   27.0232
    5.0234   26.6189
    5.0470   26.1825
    5.0705   25.6833
    5.0941   25.2555
    5.1177   24.8056
    5.1412   24.3697
    5.1648   23.9626
    5.1884   23.5742
    5.2119   23.2193
    5.2355   22.9054
    5.2591   22.6387
    5.2827   22.4276
    5.3062   22.2785
    5.3298   22.2315
    5.3534   22.2184
 
    0.0000   26.8353
    0.0354   26.8525
    0.0707   26.8512
    0.1061   26.8726
    0.1414   26.9197
    0.1768   27.0180
    0.2121   26.9600
    0.2475   27.0542
    0.2828   27.1386
    0.3182   27.2033
    0.3536   27.2415
    0.3889   27.2524
    0.4243   27.2425
    0.4596   27.2226
    0.4950   27.2066
    0.5303   27.2074
    0.5657   27.2345
    0.6010   27.2933
    0.6364   27.3850
    0.6718   27.5080
    0.7071   27.6381
    0.7425   27.8143
    0.7778   28.0118
    0.8132   28.1628
    0.8485   28.3893
    0.8839   28.6282
    0.9192   28.7216
    0.9546   28.9679
    0.9899   29.2191
    1.0253   29.4726
    1.0607   29.7260
    1.0960   29.9763
    1.1314   30.2575
    1.1667   30.4557
    1.2021   30.6785
    1.2374   30.8819
    1.2728   31.0604
    1.3081   31.1390
    1.3435   31.2479
    1.3789   31.1790
    1.4142   31.2011
    1.4475   31.1624
    1.4809   31.0482
    1.5142   30.8623
    1.5475   30.6115
    1.5809   30.3159
    1.6142   29.9579
    1.6475   29.5588
    1.6809   29.1258
    1.7142   28.6554
    1.7475   28.1723
    1.7809   27.6716
    1.8142   27.1572
    1.8475   26.6324
    1.8809   26.0999
    1.9142   25.5623
    1.9475   25.0274
    1.9809   24.5319
    2.0142   25.0806
    2.0475   25.5696
    2.0809   25.9916
    2.1142   26.3246
    2.1475   26.5870
    2.1809   26.7255
    2.2142   26.7848
    2.2475   26.9191
    2.2809   26.8798
    2.3142   26.8480
    2.3475   26.8429
    2.3809   26.8504
    2.4142   26.8353
    2.4431   26.8468
    2.4719   26.8443
    2.5008   26.8560
    2.5297   26.9209
    2.5586   26.9110
    2.5874   27.0050
    2.6163   27.1181
    2.6452   27.1368
    2.6740   27.2752
    2.7029   27.4288
    2.7318   27.5938
    2.7606   27.7677
    2.7895   27.9470
    2.8184   28.1281
    2.8472   28.3070
    2.8761   28.4799
    2.9050   28.6429
    2.9338   28.7925
    2.9627   28.9260
    2.9916   29.0414
    3.0204   29.1377
    3.0493   29.2153
    3.0782   29.2685
    3.1070   29.3205
    3.1359   29.3322
    3.1648   29.3547
    3.1936   29.3691
    3.2225   29.3776
    3.2514   29.3816
    3.2802   29.4370
    3.3091   29.4445
    3.3380   29.4281
    3.3668   29.4303
    3.3957   29.4364
    3.4246   29.4068
    3.4534   29.3173
    3.4823   29.1916
    3.5112   28.9241
    3.5400   28.5375
    3.5689   28.0625
    3.5978   27.5191
    3.6266   26.9652
    3.6555   26.3257
    3.6844   26.6571
    3.7133   27.1366
    3.7421   27.6119
    3.7710   28.0835
    3.7999   28.5354
    3.8287   28.9809
    3.8576   29.3910
    3.8865   29.7714
    3.9153   30.1056
    3.9442   30.4158
    3.9731   30.6561
    4.0019   30.8309
    4.0308   31.0151
    4.0597   31.1567
    4.0885   31.2580
    4.1174   31.1815
    4.1463   31.2011
    4.1629   31.1950
    4.1796   31.1766
    4.1963   31.1458
    4.2129   31.1692
    4.2296   31.1116
    4.2463   31.1084
    4.2629   31.0227
    4.2796   30.9223
    4.2963   30.8066
    4.3129   30.6752
    4.3296   30.5279
    4.3463   30.4280
    4.3629   30.2179
    4.3796   30.0209
    4.3963   29.8080
    4.4129   29.5802
    4.4296   29.3381
    4.4463   29.0829
    4.4629   28.8158
    4.4796   28.5385
    4.4963   28.2526
    4.5129   28.0024
    4.5296   27.7061
    4.5463   27.4090
    4.5629   27.1155
    4.5796   26.8321
    4.5963   26.6040
    4.6129   26.3729
    4.6296   26.2085
    4.6463   26.1473
    4.6698   26.2664
    4.6934   26.4207
    4.7170   26.5979
    4.7405   26.7414
    4.7641   26.9430
    4.7877   27.1514
    4.8113   27.3639
    4.8348   27.5517
    4.8584   27.7669
    4.8820   27.9801
    4.9055   28.1893
    4.9291   28.3925
    4.9527   28.5363
    4.9762   28.7353
    4.9998   28.9049
    5.0234   29.0591
    5.0470   29.1953
    5.0705   29.2698
    5.0941   29.3769
    5.1177   29.4513
    5.1412   29.5023
    5.1648   29.5440
    5.1884   29.5512
    5.2119   29.5204
    5.2355   29.5018
    5.2591   29.4759
    5.2827   29.4482
    5.3062   29.4238
    5.3298   29.4429
    5.3534   29.4370
 
