    0.0000    0.0000
    0.0306   32.6414
    0.0612   65.2450
    0.0919   97.7722
    0.1225  130.1831
    0.1531  162.4354
    0.1837  194.4840
    0.2143  226.2805
    0.2449  257.7723
    0.2756  288.1286
    0.3062  316.7941
    0.3368  344.4083
    0.3674  370.8817
    0.3980  396.1361
    0.4287  420.1074
    0.4593  442.7486
    0.4899  464.0323
    0.5205  483.9519
    0.5511  502.5228
    0.5818  519.7807
    0.6124  535.7799
    0.6430  550.5889
    0.6736  564.2845
    0.7042  576.9455
    0.7348  588.6441
    0.7655  599.4391
    0.7961  609.3674
    0.8267  618.4382
    0.8573  626.6284
    0.8879  633.8797
    0.9186  640.0997
    0.9492  645.1658
    0.9798  648.9334
    1.0104  651.2479
    1.0410  651.9609
    1.0717  650.9482
    1.1023  648.1277
    1.1329  643.4745
    1.1635  637.0301
    1.1941  628.9048
    1.2247  619.2734
    1.2483  605.2243
    1.2719  590.5824
    1.2955  575.3589
    1.3190  559.5654
    1.3426  543.2143
    1.3662  526.3187
    1.3897  508.8916
    1.4133  490.9469
    1.4369  472.4983
    1.4604  453.5602
    1.4840  434.1472
    1.5076  414.2743
    1.5312  393.9571
    1.5547  373.2117
    1.5783  352.0552
    1.6019  330.5051
    1.6254  308.5803
    1.6490  286.3003
    1.6726  263.6859
    1.6961  240.7593
    1.7197  217.5435
    1.7433  194.0631
    1.7669  170.3437
    1.7904  146.4123
    1.8140  122.2967
    1.8376   98.0260
    1.8611   73.6301
    1.8847   49.1396
    1.9083   24.5857
    1.9319    0.0000
    1.9607   30.8094
    1.9896   61.5225
    2.0185   92.0429
    2.0473  122.2737
    2.0762  152.1174
    2.1051  181.4760
    2.1339  210.2510
    2.1628  238.3437
    2.1917  265.6554
    2.2205  292.0882
    2.2494  317.5462
    2.2783  341.9360
    2.3071  365.1686
    2.3360  387.1612
    2.3649  407.8387
    2.3937  427.1362
    2.4226  445.0010
    2.4515  461.3944
    2.4803  476.2936
    2.5092  489.6923
    2.5381  501.6010
    2.5669  512.0460
    2.5958  521.0675
    2.6247  528.7164
    2.6535  535.0501
    2.6824  540.1285
    2.7113  544.0088
    2.7401  546.7409
    2.7690  548.3637
    2.7979  548.9018
    2.8145  549.0821
    2.8312  549.6215
    2.8479  550.5148
    2.8645  551.7540
    2.8812  553.3274
    2.8979  555.2204
    2.9145  557.4153
    2.9312  559.8915
    2.9479  562.6253
    2.9645  565.5906
    2.9812  568.7587
    2.9979  572.0983
    3.0145  575.5763
    3.0312  579.1574
    3.0479  582.8045
    3.0645  586.4792
    3.0812  590.1419
    3.0979  593.7523
    3.1145  597.2694
    3.1312  600.6526
    3.1479  603.8614
    3.1645  606.8568
    3.1812  609.6011
    3.1979  612.0592
    3.2145  614.1988
    3.2312  615.9912
    3.2479  617.4118
    3.2645  618.4411
    3.2812  619.0646
    3.2979  619.2734
    3.3097  622.6987
    3.3214  626.0934
    3.3332  629.4478
    3.3450  632.7517
    3.3568  635.9950
    3.3686  639.1677
    3.3804  642.2598
    3.3922  645.2617
    3.4039  648.1644
    3.4157  650.9590
    3.4275  653.6377
    3.4393  656.1932
    3.4511  658.6189
    3.4629  660.9093
    3.4746  663.0600
    3.4864  665.0673
    3.4982  666.9288
    3.5100  668.6430
    3.5218  670.2094
    3.5336  671.6285
    3.5454  672.9014
    3.5571  674.0300
    3.5689  675.0166
    3.5807  675.8640
    3.5925  676.5749
    3.6043  677.1520
    3.6161  677.5980
    3.6279  677.9149
    3.6396  678.1043
    3.6514  678.1674
    3.6632  670.6645
    3.6750  663.2890
    3.6868  656.0532
    3.6986  648.9688
    3.7104  642.0477
    3.7221  635.3015
    3.7339  628.7413
    3.7457  622.3782
    3.7575  616.2226
    3.7693  610.2850
    3.7811  604.5750
    3.7928  599.1022
    3.8046  593.8753
    3.8164  588.9030
    3.8282  584.1931
    3.8400  579.7531
    3.8518  575.5899
    3.8636  571.7101
    3.8753  568.1195
    3.8871  564.8235
    3.8989  561.8271
    3.9107  559.1345
    3.9225  556.7498
    3.9343  554.6763
    3.9461  552.9169
    3.9578  551.4741
    3.9696  550.3498
    3.9814  549.5457
    3.9932  549.0628
    4.0050  548.9018
 
    0.0000    0.0000
    0.0306   33.4119
    0.0612   66.7207
    0.0919   99.8225
    0.1225  132.6124
    0.1531  164.9840
    0.1837  196.8298
    0.2143  228.0411
    0.2449  258.5097
    0.2756  288.9020
    0.3062  319.6076
    0.3368  349.8218
    0.3674  379.4718
    0.3980  408.4800
    0.4287  436.7639
    0.4593  464.2370
    0.4899  490.8101
    0.5205  516.3929
    0.5511  540.8963
    0.5818  564.2348
    0.6124  586.3304
    0.6430  607.1158
    0.6736  626.5388
    0.7042  644.5661
    0.7348  661.1869
    0.7655  676.4147
    0.7961  690.2884
    0.8267  702.8703
    0.8573  714.2425
    0.8879  724.5003
    0.9186  733.7439
    0.9492  742.0690
    0.9798  749.5545
    1.0104  756.2488
    1.0410  762.1497
    1.0717  767.1713
    1.1023  771.0801
    1.1329  773.3612
    1.1635  772.9494
    1.1941  767.8990
    1.2247  755.9331
    1.2483  734.6936
    1.2719  713.0698
    1.2955  691.0506
    1.3190  668.6273
    1.3426  645.7948
    1.3662  622.5521
    1.3897  598.9031
    1.4133  574.8569
    1.4369  550.4278
    1.4604  525.6353
    1.4840  500.5041
    1.5076  475.0627
    1.5312  449.3437
    1.5547  423.3823
    1.5783  397.2157
    1.6019  370.8818
    1.6254  344.4185
    1.6490  317.8622
    1.6726  291.2471
    1.6961  264.6041
    1.7197  237.9598
    1.7433  211.3365
    1.7669  184.7508
    1.7904  158.2140
    1.8140  131.7319
    1.8376  105.3048
    1.8611   78.9284
    1.8847   52.5938
    1.9083   26.2891
    1.9319    0.0000
    1.9607   30.8094
    1.9896   61.5225
    2.0185   92.0429
    2.0473  122.2737
    2.0762  152.1174
    2.1051  181.4760
    2.1339  210.2510
    2.1628  238.3437
    2.1917  265.6554
    2.2205  292.0882
    2.2494  317.5462
    2.2783  341.9360
    2.3071  365.1686
    2.3360  387.1612
    2.3649  407.8387
    2.3937  427.1362
    2.4226  445.0010
    2.4515  461.3944
    2.4803  476.2936
    2.5092  489.6923
    2.5381  501.6010
    2.5669  512.0460
    2.5958  521.0675
    2.6247  528.7164
    2.6535  535.0501
    2.6824  540.1285
    2.7113  544.0088
    2.7401  546.7409
    2.7690  548.3637
    2.7979  548.9018
    2.8145  549.2820
    2.8312  550.4202
    2.8479  552.3098
    2.8645  554.9393
    2.8812  558.2933
    2.8979  562.3523
    2.9145  567.0930
    2.9312  572.4889
    2.9479  578.5102
    2.9645  585.1245
    2.9812  592.2970
    2.9979  599.9908
    3.0145  608.1668
    3.0312  616.7845
    3.0479  625.8013
    3.0645  635.1730
    3.0812  644.8531
    3.0979  654.7926
    3.1145  664.9386
    3.1312  675.2334
    3.1479  685.6115
    3.1645  695.9964
    3.1812  706.2936
    3.1979  716.3806
    3.2145  726.0896
    3.2312  735.1796
    3.2479  743.2940
    3.2645  749.9128
    3.2812  754.3523
    3.2979  755.9331
    3.3097  760.7767
    3.3214  764.7699
    3.3332  767.9350
    3.3450  770.3409
    3.3568  772.0868
    3.3686  773.2826
    3.3804  774.0348
    3.3922  774.4382
    3.4039  774.5728
    3.4157  774.5044
    3.4275  774.2862
    3.4393  773.9609
    3.4511  773.5625
    3.4629  773.1183
    3.4746  772.6500
    3.4864  772.1746
    3.4982  771.7058
    3.5100  771.2539
    3.5218  770.8269
    3.5336  770.4305
    3.5454  770.0689
    3.5571  769.7446
    3.5689  769.4591
    3.5807  769.2130
    3.5925  769.0063
    3.6043  768.8385
    3.6161  768.7090
    3.6279  768.6171
    3.6396  768.5623
    3.6514  768.5440
    3.6632  758.1856
    3.6750  747.7782
    3.6868  737.3447
    3.6986  726.9084
    3.7104  716.4937
    3.7221  706.1258
    3.7339  695.8307
    3.7457  685.6356
    3.7575  675.5683
    3.7693  665.6579
    3.7811  655.9344
    3.7928  646.4284
    3.8046  637.1718
    3.8164  628.1970
    3.8282  619.5369
    3.8400  611.2251
    3.8518  603.2954
    3.8636  595.7814
    3.8753  588.7167
    3.8871  582.1343
    3.8989  576.0660
    3.9107  570.5426
    3.9225  565.5930
    3.9343  561.2441
    3.9461  557.5202
    3.9578  554.4427
    3.9696  552.0297
    3.9814  550.2955
    3.9932  549.2507
    4.0050  548.9018
 
    0.0000    0.0000
    0.0306   50.7845
    0.0612  101.4287
    0.0919  151.7929
    0.1225  201.7390
    0.1531  251.1310
    0.1837  299.8358
    0.2143  347.7235
    0.2449  394.6682
    0.2756  440.5485
    0.3062  485.2473
    0.3368  528.6528
    0.3674  570.6583
    0.3980  611.1626
    0.4287  650.0697
    0.4593  687.2896
    0.4899  722.7379
    0.5205  756.3358
    0.5511  788.0109
    0.5818  817.6964
    0.6124  845.3317
    0.6430  870.8615
    0.6736  894.2345
    0.7042  915.3998
    0.7348  934.2993
    0.7655  950.8549
    0.7961  964.9462
    0.8267  976.3796
    0.8573  984.8536
    0.8879  989.9415
    0.9186  991.1354
    0.9492  987.9937
    0.9798  980.3540
    1.0104  968.4593
    1.0410  952.8938
    1.0717  934.4289
    1.1023  913.9414
    1.1329  892.4924
    1.1635  871.5982
    1.1941  853.5857
    1.2247  841.0712
    1.2483  828.2788
    1.2719  814.6318
    1.2955  800.0557
    1.3190  784.4804
    1.3426  767.8421
    1.3662  750.0846
    1.3897  731.1609
    1.4133  711.0333
    1.4369  689.6748
    1.4604  667.0683
    1.4840  643.2068
    1.5076  618.0930
    1.5312  591.7391
    1.5547  564.1657
    1.5783  535.4016
    1.6019  505.4832
    1.6254  474.4541
    1.6490  442.3643
    1.6726  409.2701
    1.6961  375.2337
    1.7197  340.3223
    1.7433  304.6084
    1.7669  268.1689
    1.7904  231.0850
    1.8140  193.4415
    1.8376  155.3266
    1.8611  116.8310
    1.8847   78.0479
    1.9083   39.0723
    1.9319    0.0000
    1.9607   48.3063
    1.9896   96.5201
    2.0185  144.5491
    2.0473  192.3007
    2.0762  239.6822
    2.1051  286.6005
    2.1339  332.9628
    2.1628  378.6757
    2.1917  423.6460
    2.2205  467.7803
    2.2494  510.9853
    2.2783  553.1679
    2.3071  594.2351
    2.3360  634.0939
    2.3649  672.6514
    2.3937  709.8144
    2.4226  745.4883
    2.4515  779.5766
    2.4803  811.9785
    2.5092  842.5871
    2.5381  871.2850
    2.5669  897.9395
    2.5958  922.3963
    2.6247  944.4710
    2.6535  963.9414
    2.6824  980.5416
    2.7113  993.9650
    2.7401 1003.8826
    2.7690 1009.9858
    2.7979 1012.0481
    2.8145 1011.7614
    2.8312 1010.9030
    2.8479 1009.4778
    2.8645 1007.4939
    2.8812 1004.9621
    2.8979 1001.8952
    2.9145  998.3081
    2.9312  994.2166
    2.9479  989.6378
    2.9645  984.5892
    2.9812  979.0888
    2.9979  973.1554
    3.0145  966.8079
    3.0312  960.0661
    3.0479  952.9509
    3.0645  945.4846
    3.0812  937.6916
    3.0979  929.5993
    3.1145  921.2393
    3.1312  912.6492
    3.1479  903.8753
    3.1645  894.9762
    3.1812  886.0302
    3.1979  877.1449
    3.2145  868.4752
    3.2312  860.2510
    3.2479  852.8197
    3.2645  846.6939
    3.2812  842.5523
    3.2979  841.0712
    3.3097  844.5529
    3.3214  848.8037
    3.3332  853.7855
    3.3450  859.4142
    3.3568  865.5768
    3.3686  872.1500
    3.3804  879.0146
    3.3922  886.0635
    3.4039  893.2046
    3.4157  900.3602
    3.4275  907.4654
    3.4393  914.4656
    3.4511  921.3144
    3.4629  927.9719
    3.4746  934.4032
    3.4864  940.5775
    3.4982  946.4665
    3.5100  952.0445
    3.5218  957.2873
    3.5336  962.1720
    3.5454  966.6766
    3.5571  970.7800
    3.5689  974.4615
    3.5807  977.7015
    3.5925  980.4810
    3.6043  982.7827
    3.6161  984.5909
    3.6279  985.8926
    3.6396  986.6778
    3.6514  986.9402
    3.6632  987.9562
    3.6750  989.0047
    3.6868  990.0815
    3.6986  991.1822
    3.7104  992.3023
    3.7221  993.4370
    3.7339  994.5815
    3.7457  995.7307
    3.7575  996.8795
    3.7693  998.0228
    3.7811  999.1552
    3.7928 1000.2716
    3.8046 1001.3666
    3.8164 1002.4348
    3.8282 1003.4711
    3.8400 1004.4702
    3.8518 1005.4268
    3.8636 1006.3362
    3.8753 1007.1932
    3.8871 1007.9934
    3.8989 1008.7322
    3.9107 1009.4055
    3.9225 1010.0093
    3.9343 1010.5402
    3.9461 1010.9950
    3.9578 1011.3710
    3.9696 1011.6659
    3.9814 1011.8778
    3.9932 1012.0055
    4.0050 1012.0481
 
    0.0000 1273.7212
    0.0306 1273.3698
    0.0612 1272.3176
    0.0919 1270.5710
    0.1225 1268.1414
    0.1531 1265.0454
    0.1837 1261.3073
    0.2143 1256.9591
    0.2449 1252.0417
    0.2756 1246.6064
    0.3062 1240.7135
    0.3368 1234.4325
    0.3674 1227.8411
    0.3980 1221.0220
    0.4287 1214.0605
    0.4593 1207.0414
    0.4899 1200.0436
    0.5205 1193.1378
    0.5511 1186.3822
    0.5818 1179.8204
    0.6124 1173.4799
    0.6430 1167.3726
    0.6736 1161.4971
    0.7042 1155.8423
    0.7348 1150.3928
    0.7655 1145.1348
    0.7961 1140.0630
    0.8267 1135.1870
    0.8573 1130.5370
    0.8879 1126.1678
    0.9186 1122.1606
    0.9492 1118.6219
    0.9798 1115.6775
    1.0104 1113.4648
    1.0410 1112.1187
    1.0717 1111.7572
    1.1023 1112.4652
    1.1329 1114.2820
    1.1635 1117.1940
    1.1941 1121.1334
    1.2247 1125.9839
    1.2483 1133.0587
    1.2719 1140.2445
    1.2955 1147.5094
    1.3190 1154.8210
    1.3426 1162.1467
    1.3662 1169.4534
    1.3897 1176.7083
    1.4133 1183.8795
    1.4369 1190.9357
    1.4604 1197.8468
    1.4840 1204.5840
    1.5076 1211.1202
    1.5312 1217.4294
    1.5547 1223.4883
    1.5783 1229.2744
    1.6019 1234.7677
    1.6254 1239.9500
    1.6490 1244.8047
    1.6726 1249.3174
    1.6961 1253.4750
    1.7197 1257.2664
    1.7433 1260.6816
    1.7669 1263.7125
    1.7904 1266.3522
    1.8140 1268.5948
    1.8376 1270.4269
    1.8611 1271.8538
    1.8847 1272.8866
    1.9083 1273.5118
    1.9319 1273.7212
    1.9607 1273.4108
    1.9896 1272.4824
    2.0185 1270.9445
    2.0473 1268.8116
    2.0762 1266.1049
    2.1051 1262.8519
    2.1339 1259.0886
    2.1628 1254.8585
    2.1917 1250.2135
    2.2205 1245.2141
    2.2494 1239.9285
    2.2783 1234.4324
    2.3071 1228.8073
    2.3360 1223.1385
    2.3649 1217.5134
    2.3937 1212.0175
    2.4226 1206.7322
    2.4515 1201.7319
    2.4803 1197.0800
    2.5092 1192.8271
    2.5381 1189.0098
    2.5669 1185.6487
    2.5958 1182.7502
    2.6247 1180.3079
    2.6535 1178.3048
    2.6824 1176.7173
    2.7113 1175.5192
    2.7401 1174.6849
    2.7690 1174.1935
    2.7979 1174.0312
    2.8145 1173.9152
    2.8312 1173.5679
    2.8479 1172.9919
    2.8645 1172.1914
    2.8812 1171.1724
    2.8979 1169.9427
    2.9145 1168.5118
    2.9312 1166.8912
    2.9479 1165.0938
    2.9645 1163.1346
    2.9812 1161.0306
    2.9979 1158.8005
    3.0145 1156.4648
    3.0312 1154.0457
    3.0479 1151.5674
    3.0645 1149.0555
    3.0812 1146.5369
    3.0979 1144.0399
    3.1145 1141.5936
    3.1312 1139.2277
    3.1479 1136.9723
    3.1645 1134.8567
    3.1812 1132.9099
    3.1979 1131.1593
    3.2145 1129.6302
    3.2312 1128.3455
    3.2479 1127.3247
    3.2645 1126.5837
    3.2812 1126.1344
    3.2979 1125.9839
    3.3097 1124.2498
    3.3214 1122.5546
    3.3332 1120.9030
    3.3450 1119.2983
    3.3568 1117.7437
    3.3686 1116.2417
    3.3804 1114.7939
    3.3922 1113.4009
    3.4039 1112.0626
    3.4157 1110.7778
    3.4275 1109.5443
    3.4393 1108.3593
    3.4511 1107.2190
    3.4629 1106.1195
    3.4746 1105.0566
    3.4864 1104.0271
    3.4982 1103.0278
    3.5100 1102.0574
    3.5218 1101.1162
    3.5336 1100.2068
    3.5454 1099.3340
    3.5571 1098.5052
    3.5689 1097.7299
    3.5807 1097.0197
    3.5925 1096.3875
    3.6043 1095.8464
    3.6161 1095.4095
    3.6279 1095.0883
    3.6396 1094.8915
    3.6514 1094.8253
    3.6632 1099.8478
    3.6750 1104.7516
    3.6868 1109.5269
    3.6986 1114.1648
    3.7104 1118.6567
    3.7221 1122.9948
    3.7339 1127.1722
    3.7457 1131.1829
    3.7575 1135.0219
    3.7693 1138.6849
    3.7811 1142.1689
    3.7928 1145.4719
    3.8046 1148.5920
    3.8164 1151.5289
    3.8282 1154.2820
    3.8400 1156.8516
    3.8518 1159.2384
    3.8636 1161.4431
    3.8753 1163.4667
    3.8871 1165.3101
    3.8989 1166.9745
    3.9107 1168.4608
    3.9225 1169.7699
    3.9343 1170.9027
    3.9461 1171.8600
    3.9578 1172.6425
    3.9696 1173.2502
    3.9814 1173.6843
    3.9932 1173.9445
    4.0050 1174.0312
 
    0.0000 1273.7212
    0.0306 1273.3719
    0.0612 1272.3278
    0.0919 1270.5985
    0.1225 1268.2014
    0.1531 1265.1605
    0.1837 1261.5076
    0.2143 1257.2821
    0.2449 1252.5319
    0.2756 1247.3127
    0.3062 1241.6903
    0.3368 1235.7380
    0.3674 1229.5387
    0.3980 1223.1830
    0.4287 1216.7697
    0.4593 1210.4033
    0.4899 1204.1927
    0.5205 1198.2484
    0.5511 1192.6780
    0.5818 1187.5811
    0.6124 1183.0414
    0.6430 1179.1166
    0.6736 1175.8246
    0.7042 1173.1252
    0.7348 1170.8953
    0.7655 1168.8999
    0.7961 1166.7748
    0.8267 1164.0822
    0.8573 1160.5482
    0.8879 1156.4186
    0.9186 1152.5208
    0.9492 1149.8602
    0.9798 1149.1522
    1.0104 1150.6194
    1.0410 1154.0842
    1.0717 1159.1837
    1.1023 1165.5380
    1.1329 1172.8209
    1.1635 1180.7646
    1.1941 1189.1277
    1.2247 1197.5667
    1.2483 1208.1941
    1.2719 1209.2217
    1.2955 1209.7146
    1.3190 1210.4589
    1.3426 1211.4829
    1.3662 1212.8066
    1.3897 1214.4417
    1.4133 1216.3896
    1.4369 1218.6442
    1.4604 1221.1895
    1.4840 1224.0024
    1.5076 1227.0529
    1.5312 1230.3049
    1.5547 1233.7181
    1.5783 1237.2483
    1.6019 1240.8488
    1.6254 1244.4714
    1.6490 1248.0673
    1.6726 1251.5879
    1.6961 1254.9857
    1.7197 1258.2148
    1.7433 1261.2321
    1.7669 1263.9969
    1.7904 1266.4722
    1.8140 1268.6251
    1.8376 1270.4355
    1.8611 1271.8710
    1.8847 1272.8983
    1.9083 1273.5153
    1.9319 1273.7212
    1.9607 1273.4108
    1.9896 1272.4824
    2.0185 1270.9445
    2.0473 1268.8116
    2.0762 1266.1049
    2.1051 1262.8519
    2.1339 1259.0886
    2.1628 1254.8585
    2.1917 1250.2135
    2.2205 1245.2141
    2.2494 1239.9285
    2.2783 1234.4324
    2.3071 1228.8073
    2.3360 1223.1385
    2.3649 1217.5134
    2.3937 1212.0175
    2.4226 1206.7322
    2.4515 1201.7319
    2.4803 1197.0800
    2.5092 1192.8271
    2.5381 1189.0098
    2.5669 1185.6487
    2.5958 1182.7502
    2.6247 1180.3079
    2.6535 1178.3048
    2.6824 1176.7173
    2.7113 1175.5192
    2.7401 1174.6849
    2.7690 1174.1935
    2.7979 1174.0312
    2.8145 1174.0999
    2.8312 1174.3042
    2.8479 1174.6398
    2.8645 1175.0996
    2.8812 1175.6743
    2.8979 1176.3528
    2.9145 1177.1230
    2.9312 1177.9720
    2.9479 1178.8872
    2.9645 1179.8560
    2.9812 1180.8662
    2.9979 1181.9070
    3.0145 1182.9686
    3.0312 1184.0420
    3.0479 1185.1196
    3.0645 1186.1951
    3.0812 1187.2629
    3.0979 1188.3186
    3.1145 1189.3586
    3.1312 1190.3798
    3.1479 1191.3787
    3.1645 1192.3521
    3.1812 1193.2948
    3.1979 1194.1995
    3.2145 1195.0544
    3.2312 1195.8405
    3.2479 1196.5291
    3.2645 1197.0789
    3.2812 1197.4399
    3.2979 1197.5667
    3.3097 1194.8049
    3.3214 1192.0447
    3.3332 1189.3232
    3.3450 1186.6633
    3.3568 1184.0815
    3.3686 1181.5920
    3.3804 1179.2072
    3.3922 1176.9386
    3.4039 1174.7979
    3.4157 1172.7966
    3.4275 1170.9459
    3.4393 1169.2570
    3.4511 1167.7410
    3.4629 1166.4083
    3.4746 1165.2683
    3.4864 1164.3293
    3.4982 1163.5977
    3.5100 1163.0774
    3.5218 1162.7693
    3.5336 1162.6711
    3.5454 1162.7759
    3.5571 1163.0723
    3.5689 1163.5432
    3.5807 1164.1644
    3.5925 1164.9022
    3.6043 1165.7100
    3.6161 1166.5212
    3.6279 1167.2433
    3.6396 1167.7573
    3.6514 1167.9460
    3.6632 1171.4299
    3.6750 1174.9436
    3.6868 1178.4796
    3.6986 1181.2480
    3.7104 1181.2258
    3.7221 1181.1371
    3.7339 1180.9875
    3.7457 1180.7830
    3.7575 1180.5292
    3.7693 1180.2321
    3.7811 1179.8976
    3.7928 1179.5320
    3.8046 1179.1414
    3.8164 1178.7318
    3.8282 1178.3094
    3.8400 1177.8801
    3.8518 1177.4500
    3.8636 1177.0247
    3.8753 1176.6099
    3.8871 1176.2111
    3.8989 1175.8330
    3.9107 1175.4808
    3.9225 1175.1588
    3.9343 1174.8711
    3.9461 1174.6213
    3.9578 1174.4125
    3.9696 1174.2473
    3.9814 1174.1278
    3.9932 1174.0555
    4.0050 1174.0312
 
    0.0000 1273.7212
    0.0306 1273.9313
    0.0612 1274.5496
    0.0919 1275.5403
    0.1225 1276.8457
    0.1531 1278.3890
    0.1837 1280.0778
    0.2143 1281.8080
    0.2449 1283.4684
    0.2756 1284.9451
    0.3062 1286.1252
    0.3368 1286.9008
    0.3674 1287.1718
    0.3980 1286.8485
    0.4287 1285.8536
    0.4593 1284.1230
    0.4899 1281.6071
    0.5205 1278.2715
    0.5511 1274.0980
    0.5818 1269.0868
    0.6124 1263.2592
    0.6430 1256.6643
    0.6736 1249.3892
    0.7042 1241.5760
    0.7348 1233.4502
    0.7655 1225.3601
    0.7961 1217.8149
    0.8267 1211.4622
    0.8573 1206.8871
    0.8879 1204.2810
    0.9186 1203.3420
    0.9492 1203.5396
    0.9798 1204.3804
    1.0104 1205.4979
    1.0410 1206.6415
    1.0717 1207.6477
    1.1023 1208.4164
    1.1329 1208.8958
    1.1635 1209.0746
    1.1941 1208.9926
    1.2247 1208.8423
    1.2483 1208.9446
    1.2719 1218.1222
    1.2955 1227.3381
    1.3190 1235.8324
    1.3426 1243.5988
    1.3662 1250.6349
    1.3897 1256.9418
    1.4133 1262.5248
    1.4369 1267.3938
    1.4604 1271.5636
    1.4840 1275.0542
    1.5076 1277.8914
    1.5312 1280.1064
    1.5547 1281.7371
    1.5783 1282.8262
    1.6019 1283.4227
    1.6254 1283.5804
    1.6490 1283.3580
    1.6726 1282.8177
    1.6961 1282.0244
    1.7197 1281.0446
    1.7433 1279.9449
    1.7669 1278.7911
    1.7904 1277.6455
    1.8140 1276.5664
    1.8376 1275.6062
    1.8611 1274.8101
    1.8847 1274.2142
    1.9083 1273.8458
    1.9319 1273.7212
    1.9607 1273.9062
    1.9896 1274.4530
    2.0185 1275.3361
    2.0473 1276.5146
    2.0762 1277.9340
    2.1051 1279.5275
    2.1339 1281.2203
    2.1628 1282.9315
    2.1917 1284.5769
    2.2205 1286.0729
    2.2494 1287.3383
    2.2783 1288.2968
    2.3071 1288.8799
    2.3360 1289.0273
    2.3649 1288.6895
    2.3937 1287.8278
    2.4226 1286.4163
    2.4515 1284.4427
    2.4803 1281.9097
    2.5092 1278.8373
    2.5381 1275.2661
    2.5669 1271.2614
    2.5958 1266.9189
    2.6247 1262.3735
    2.6535 1257.8046
    2.6824 1253.4430
    2.7113 1249.5673
    2.7401 1246.4847
    2.7690 1244.4888
    2.7979 1243.7965
    2.8145 1243.7152
    2.8312 1243.4722
    2.8479 1243.0695
    2.8645 1242.5107
    2.8812 1241.8011
    2.8979 1240.9471
    2.9145 1239.9561
    2.9312 1238.8372
    2.9479 1237.6003
    2.9645 1236.2568
    2.9812 1234.8182
    2.9979 1233.2975
    3.0145 1231.7079
    3.0312 1230.0634
    3.0479 1228.3777
    3.0645 1226.6655
    3.0812 1224.9410
    3.0979 1223.2185
    3.1145 1221.5120
    3.1312 1219.8354
    3.1479 1218.2030
    3.1645 1216.6289
    3.1812 1215.1283
    3.1979 1213.7184
    3.2145 1212.4199
    3.2312 1211.2595
    3.2479 1210.2728
    3.2645 1209.5060
    3.2812 1209.0132
    3.2979 1208.8423
    3.3097 1208.8395
    3.3214 1208.8112
    3.3332 1208.7268
    3.3450 1208.5706
    3.3568 1208.3333
    3.3686 1208.0084
    3.3804 1207.5919
    3.3922 1207.0808
    3.4039 1206.4729
    3.4157 1205.7672
    3.4275 1204.9633
    3.4393 1204.0613
    3.4511 1203.0626
    3.4629 1201.9690
    3.4746 1200.7834
    3.4864 1199.5101
    3.4982 1198.1538
    3.5100 1196.7211
    3.5218 1195.2198
    3.5336 1193.6602
    3.5454 1192.0537
    3.5571 1190.4159
    3.5689 1188.7656
    3.5807 1187.1273
    3.5925 1185.5337
    3.6043 1184.0300
    3.6161 1182.6804
    3.6279 1181.5756
    3.6396 1180.8326
    3.6514 1180.5679
    3.6632 1180.8633
    3.6750 1181.0719
    3.6868 1181.1985
    3.6986 1182.0305
    3.7104 1185.5881
    3.7221 1189.1437
    3.7339 1192.6880
    3.7457 1196.2107
    3.7575 1199.7010
    3.7693 1203.1472
    3.7811 1206.5371
    3.7928 1209.8578
    3.8046 1213.0961
    3.8164 1216.2386
    3.8282 1219.2715
    3.8400 1222.1815
    3.8518 1224.9554
    3.8636 1227.5803
    3.8753 1230.0439
    3.8871 1232.3345
    3.8989 1234.4414
    3.9107 1236.3544
    3.9225 1238.0645
    3.9343 1239.5634
    3.9461 1240.8439
    3.9578 1241.9001
    3.9696 1242.7268
    3.9814 1243.3201
    3.9932 1243.6772
    4.0050 1243.7965
 
