Dynamical matrix file
phonons of Carbon diamond on a grid                                        
  1    2   2   6.7406531   0.0000000   0.0000000   0.0000000   0.0000000   0.0000000
           1  'C   '    10947.3568039781     
    1    1      0.0000000000      0.0000000000      0.0000000000
    2    1     -0.2500000000      0.2500000000      0.2500000000

     Dynamical  Matrix in cartesian axes

     q = (    0.000000000  -1.000000000   0.000000000 ) 

    1    1
  0.76238980   0.00000000     0.00000000   0.00000000     0.00000000   0.00000000
  0.00000000   0.00000000     1.26661178   0.00000000     0.00000000   0.00000000
  0.00000000   0.00000000     0.00000000   0.00000000     0.76238980   0.00000000
    1    2
  0.00000000   0.00000000     0.00000000   0.00000000     0.20248040   0.00000000
  0.00000000   0.00000000     0.00000000   0.00000000     0.00000000  -0.00000000
  0.20248040   0.00000000     0.00000000  -0.00000000    -0.00000000   0.00000000
    2    1
  0.00000000  -0.00000000    -0.00000000  -0.00000000     0.20248040  -0.00000000
  0.00000000  -0.00000000    -0.00000000  -0.00000000     0.00000000   0.00000000
  0.20248040  -0.00000000    -0.00000000   0.00000000     0.00000000  -0.00000000
    2    2
  0.76238980   0.00000000     0.00000000   0.00000000     0.00000000   0.00000000
  0.00000000   0.00000000     1.26661178   0.00000000    -0.00000000   0.00000000
  0.00000000   0.00000000    -0.00000000   0.00000000     0.76238980   0.00000000

     Dynamical  Matrix in cartesian axes

     q = (   -1.000000000   0.000000000   0.000000000 ) 

    1    1
  1.26661178   0.00000000     0.00000000   0.00000000     0.00000000   0.00000000
  0.00000000   0.00000000     0.76238980   0.00000000     0.00000000   0.00000000
 -0.00000000   0.00000000    -0.00000000   0.00000000     0.76238980   0.00000000
    1    2
 -0.00000000  -0.00000000     0.00000000   0.00000000    -0.00000000  -0.00000000
 -0.00000000   0.00000000     0.00000000  -0.00000000    -0.20248040   0.00000000
  0.00000000  -0.00000000    -0.20248040   0.00000000     0.00000000  -0.00000000
    2    1
  0.00000000   0.00000000     0.00000000  -0.00000000    -0.00000000   0.00000000
  0.00000000   0.00000000     0.00000000  -0.00000000    -0.20248040  -0.00000000
  0.00000000   0.00000000    -0.20248040  -0.00000000    -0.00000000   0.00000000
    2    2
  1.26661178   0.00000000    -0.00000000   0.00000000     0.00000000   0.00000000
  0.00000000   0.00000000     0.76238980   0.00000000    -0.00000000   0.00000000
  0.00000000   0.00000000    -0.00000000   0.00000000     0.76238980   0.00000000

     Dynamical  Matrix in cartesian axes

     q = (    0.000000000   0.000000000  -1.000000000 ) 

    1    1
  0.76238980   0.00000000     0.00000000   0.00000000     0.00000000   0.00000000
  0.00000000   0.00000000     0.76238980   0.00000000     0.00000000   0.00000000
  0.00000000   0.00000000     0.00000000   0.00000000     1.26661178   0.00000000
    1    2
  0.00000000   0.00000000     0.20248040   0.00000000     0.00000000   0.00000000
  0.20248040   0.00000000     0.00000000   0.00000000     0.00000000   0.00000000
  0.00000000   0.00000000    -0.00000000   0.00000000     0.00000000   0.00000000
    2    1
  0.00000000   0.00000000     0.20248040  -0.00000000     0.00000000  -0.00000000
  0.20248040  -0.00000000     0.00000000   0.00000000     0.00000000   0.00000000
  0.00000000   0.00000000    -0.00000000   0.00000000     0.00000000  -0.00000000
    2    2
  0.76238980   0.00000000    -0.00000000   0.00000000    -0.00000000   0.00000000
 -0.00000000   0.00000000     0.76238980   0.00000000    -0.00000000   0.00000000
  0.00000000   0.00000000    -0.00000000   0.00000000     1.26661178   0.00000000

     Diagonalizing the dynamical matrix

     q = (    0.000000000  -1.000000000   0.000000000 ) 

 **************************************************************************
     freq (    1) =      23.527690 [THz] =     784.799247 [cm-1]
 ( -0.688070  0.000000 -0.000000  0.000000 -0.162972  0.000000 ) 
 (  0.162972  0.000000 -0.000000  0.000000  0.688070  0.000000 ) 
     freq (    2) =      23.527690 [THz] =     784.799247 [cm-1]
 ( -0.162972  0.000000 -0.000000  0.000000  0.688070  0.000000 ) 
 ( -0.688070  0.000000 -0.000000  0.000000  0.162972  0.000000 ) 
     freq (    3) =      30.885515 [THz] =    1030.229881 [cm-1]
 (  0.695486  0.000000  0.000000  0.000000  0.127669  0.000000 ) 
 (  0.127669  0.000000 -0.000000  0.000000  0.695486  0.000000 ) 
     freq (    4) =      30.885515 [THz] =    1030.229881 [cm-1]
 ( -0.127669  0.000000  0.000000  0.000000  0.695486  0.000000 ) 
 (  0.695486  0.000000 -0.000000  0.000000 -0.127669  0.000000 ) 
     freq (    5) =      35.386871 [THz] =    1180.378953 [cm-1]
 ( -0.000000  0.000000  0.998798  0.000000 -0.000000  0.000000 ) 
 ( -0.000000  0.000000 -0.049009  0.000000 -0.000000  0.000000 ) 
     freq (    6) =      35.386871 [THz] =    1180.378953 [cm-1]
 ( -0.000000  0.000000 -0.049009  0.000000 -0.000000  0.000000 ) 
 ( -0.000000  0.000000 -0.998798  0.000000 -0.000000  0.000000 ) 
 **************************************************************************
