Dynamical matrix file
phonons of Carbon diamond on a grid                                        
  1    2   2   6.7406531   0.0000000   0.0000000   0.0000000   0.0000000   0.0000000
           1  'C   '    10947.3568039781     
    1    1      0.0000000000      0.0000000000      0.0000000000
    2    1     -0.2500000000      0.2500000000      0.2500000000

     Dynamical  Matrix in cartesian axes

     q = (    0.500000000   0.000000000   0.500000000 ) 

    1    1
  0.87419217   0.00000000     0.00000000  -0.05651643     0.12347559   0.00000000
 -0.00000000   0.05651643     0.89995160   0.00000000     0.00000000   0.05651643
  0.12347559   0.00000000     0.00000000  -0.05651643     0.87419217   0.00000000
    1    2
 -0.35392902   0.00000000    -0.00000000   0.06784508     0.04803756   0.00000000
  0.00000000   0.06784508    -0.38002651   0.00000000     0.00000000   0.06784508
  0.04803756   0.00000000     0.00000000   0.06784508    -0.35392902   0.00000000
    2    1
 -0.35392902   0.00000000     0.00000000  -0.06784508     0.04803756   0.00000000
  0.00000000  -0.06784508    -0.38002651   0.00000000     0.00000000  -0.06784508
  0.04803756   0.00000000     0.00000000  -0.06784508    -0.35392902   0.00000000
    2    2
  0.87419217   0.00000000    -0.00000000   0.05651643     0.12347559   0.00000000
  0.00000000  -0.05651643     0.89995160   0.00000000     0.00000000  -0.05651643
  0.12347559   0.00000000    -0.00000000   0.05651643     0.87419217   0.00000000

     Dynamical  Matrix in cartesian axes

     q = (   -0.500000000   0.000000000   0.500000000 ) 

    1    1
  0.87419217   0.00000000     0.00000000  -0.05651643    -0.12347559   0.00000000
  0.00000000   0.05651643     0.89995160   0.00000000     0.00000000  -0.05651643
 -0.12347559   0.00000000     0.00000000   0.05651643     0.87419217   0.00000000
    1    2
  0.00000000   0.35392902     0.06784508  -0.00000000     0.00000000   0.04803756
  0.06784508  -0.00000000     0.00000000   0.38002651    -0.06784508   0.00000000
  0.00000000   0.04803756    -0.06784508   0.00000000     0.00000000   0.35392902
    2    1
  0.00000000  -0.35392902     0.06784508   0.00000000     0.00000000  -0.04803756
  0.06784508   0.00000000     0.00000000  -0.38002651    -0.06784508  -0.00000000
  0.00000000  -0.04803756    -0.06784508  -0.00000000     0.00000000  -0.35392902
    2    2
  0.87419217   0.00000000    -0.00000000   0.05651643    -0.12347559   0.00000000
  0.00000000  -0.05651643     0.89995160   0.00000000     0.00000000   0.05651643
 -0.12347559   0.00000000    -0.00000000  -0.05651643     0.87419217   0.00000000

     Dynamical  Matrix in cartesian axes

     q = (   -0.500000000   0.000000000  -0.500000000 ) 

    1    1
  0.87419217   0.00000000     0.00000000   0.05651643     0.12347559   0.00000000
 -0.00000000  -0.05651643     0.89995160   0.00000000     0.00000000  -0.05651643
  0.12347559   0.00000000     0.00000000   0.05651643     0.87419217   0.00000000
    1    2
 -0.35392902   0.00000000    -0.00000000  -0.06784508     0.04803756   0.00000000
  0.00000000  -0.06784508    -0.38002651   0.00000000     0.00000000  -0.06784508
  0.04803756   0.00000000     0.00000000  -0.06784508    -0.35392902   0.00000000
    2    1
 -0.35392902   0.00000000     0.00000000   0.06784508     0.04803756   0.00000000
  0.00000000   0.06784508    -0.38002651   0.00000000     0.00000000   0.06784508
  0.04803756   0.00000000     0.00000000   0.06784508    -0.35392902   0.00000000
    2    2
  0.87419217   0.00000000    -0.00000000  -0.05651643     0.12347559   0.00000000
  0.00000000   0.05651643     0.89995160   0.00000000     0.00000000   0.05651643
  0.12347559   0.00000000    -0.00000000  -0.05651643     0.87419217   0.00000000

     Dynamical  Matrix in cartesian axes

     q = (    0.500000000   0.000000000  -0.500000000 ) 

    1    1
  0.87419217   0.00000000    -0.00000000   0.05651643    -0.12347559   0.00000000
  0.00000000  -0.05651643     0.89995160   0.00000000    -0.00000000   0.05651643
 -0.12347559   0.00000000    -0.00000000  -0.05651643     0.87419217   0.00000000
    1    2
  0.00000000  -0.35392902     0.06784508   0.00000000     0.00000000  -0.04803756
  0.06784508   0.00000000     0.00000000  -0.38002651    -0.06784508  -0.00000000
  0.00000000  -0.04803756    -0.06784508  -0.00000000     0.00000000  -0.35392902
    2    1
  0.00000000   0.35392902     0.06784508  -0.00000000     0.00000000   0.04803756
  0.06784508  -0.00000000     0.00000000   0.38002651    -0.06784508   0.00000000
  0.00000000   0.04803756    -0.06784508   0.00000000     0.00000000   0.35392902
    2    2
  0.87419217   0.00000000    -0.00000000  -0.05651643    -0.12347559   0.00000000
  0.00000000   0.05651643     0.89995160   0.00000000     0.00000000  -0.05651643
 -0.12347559   0.00000000    -0.00000000   0.05651643     0.87419217   0.00000000

     Dynamical  Matrix in cartesian axes

     q = (    0.000000000   0.500000000  -0.500000000 ) 

    1    1
  0.89995160   0.00000000     0.00000000  -0.05651643     0.00000000   0.05651643
  0.00000000   0.05651643     0.87419217   0.00000000    -0.12347559   0.00000000
  0.00000000  -0.05651643    -0.12347559   0.00000000     0.87419217   0.00000000
    1    2
 -0.38002651   0.00000000     0.00000000  -0.06784508    -0.00000000   0.06784508
 -0.00000000  -0.06784508    -0.35392902   0.00000000    -0.04803756   0.00000000
  0.00000000   0.06784508    -0.04803756   0.00000000    -0.35392902   0.00000000
    2    1
 -0.38002651   0.00000000    -0.00000000   0.06784508    -0.00000000  -0.06784508
  0.00000000   0.06784508    -0.35392902   0.00000000    -0.04803756   0.00000000
 -0.00000000  -0.06784508    -0.04803756   0.00000000    -0.35392902   0.00000000
    2    2
  0.89995160   0.00000000     0.00000000   0.05651643     0.00000000  -0.05651643
  0.00000000  -0.05651643     0.87419217   0.00000000    -0.12347559   0.00000000
  0.00000000   0.05651643    -0.12347559   0.00000000     0.87419217   0.00000000

     Dynamical  Matrix in cartesian axes

     q = (   -0.500000000   0.500000000   0.000000000 ) 

    1    1
  0.87419217   0.00000000    -0.12347559   0.00000000     0.00000000  -0.05651643
 -0.12347559   0.00000000     0.87419217   0.00000000     0.00000000   0.05651643
  0.00000000   0.05651643    -0.00000000  -0.05651643     0.89995160   0.00000000
    1    2
  0.00000000   0.35392902     0.00000000   0.04803756     0.06784508  -0.00000000
  0.00000000   0.04803756     0.00000000   0.35392902    -0.06784508   0.00000000
  0.06784508   0.00000000    -0.06784508   0.00000000     0.00000000   0.38002651
    2    1
  0.00000000  -0.35392902     0.00000000  -0.04803756     0.06784508   0.00000000
  0.00000000  -0.04803756     0.00000000  -0.35392902    -0.06784508  -0.00000000
  0.06784508   0.00000000    -0.06784508   0.00000000     0.00000000  -0.38002651
    2    2
  0.87419217   0.00000000    -0.12347559   0.00000000     0.00000000   0.05651643
 -0.12347559   0.00000000     0.87419217   0.00000000     0.00000000  -0.05651643
  0.00000000  -0.05651643    -0.00000000   0.05651643     0.89995160   0.00000000

     Dynamical  Matrix in cartesian axes

     q = (    0.000000000   0.500000000   0.500000000 ) 

    1    1
  0.89995160   0.00000000    -0.00000000   0.05651643     0.00000000   0.05651643
  0.00000000  -0.05651643     0.87419217   0.00000000     0.12347559   0.00000000
 -0.00000000  -0.05651643     0.12347559   0.00000000     0.87419217   0.00000000
    1    2
  0.00000000   0.38002651     0.06784508  -0.00000000     0.06784508  -0.00000000
  0.06784508  -0.00000000     0.00000000   0.35392902    -0.00000000  -0.04803756
  0.06784508  -0.00000000    -0.00000000  -0.04803756     0.00000000   0.35392902
    2    1
  0.00000000  -0.38002651     0.06784508   0.00000000     0.06784508   0.00000000
  0.06784508   0.00000000     0.00000000  -0.35392902    -0.00000000   0.04803756
  0.06784508   0.00000000    -0.00000000   0.04803756     0.00000000  -0.35392902
    2    2
  0.89995160   0.00000000     0.00000000  -0.05651643     0.00000000  -0.05651643
  0.00000000   0.05651643     0.87419217   0.00000000     0.12347559   0.00000000
  0.00000000   0.05651643     0.12347559   0.00000000     0.87419217   0.00000000

     Dynamical  Matrix in cartesian axes

     q = (    0.000000000  -0.500000000  -0.500000000 ) 

    1    1
  0.89995160   0.00000000     0.00000000  -0.05651643     0.00000000  -0.05651643
 -0.00000000   0.05651643     0.87419217   0.00000000     0.12347559   0.00000000
  0.00000000   0.05651643     0.12347559   0.00000000     0.87419217   0.00000000
    1    2
  0.00000000  -0.38002651     0.06784508   0.00000000     0.06784508   0.00000000
  0.06784508   0.00000000     0.00000000  -0.35392902    -0.00000000   0.04803756
  0.06784508   0.00000000    -0.00000000   0.04803756     0.00000000  -0.35392902
    2    1
  0.00000000   0.38002651     0.06784508  -0.00000000     0.06784508  -0.00000000
  0.06784508  -0.00000000     0.00000000   0.35392902    -0.00000000  -0.04803756
  0.06784508  -0.00000000    -0.00000000  -0.04803756     0.00000000   0.35392902
    2    2
  0.89995160   0.00000000    -0.00000000   0.05651643     0.00000000   0.05651643
 -0.00000000  -0.05651643     0.87419217   0.00000000     0.12347559   0.00000000
  0.00000000  -0.05651643     0.12347559   0.00000000     0.87419217   0.00000000

     Dynamical  Matrix in cartesian axes

     q = (    0.500000000   0.500000000   0.000000000 ) 

    1    1
  0.87419217   0.00000000     0.12347559   0.00000000     0.00000000  -0.05651643
  0.12347559   0.00000000     0.87419217   0.00000000     0.00000000  -0.05651643
 -0.00000000   0.05651643    -0.00000000   0.05651643     0.89995160   0.00000000
    1    2
 -0.35392902   0.00000000     0.04803756   0.00000000     0.00000000   0.06784508
  0.04803756   0.00000000    -0.35392902   0.00000000     0.00000000   0.06784508
  0.00000000   0.06784508     0.00000000   0.06784508    -0.38002651   0.00000000
    2    1
 -0.35392902   0.00000000     0.04803756   0.00000000     0.00000000  -0.06784508
  0.04803756   0.00000000    -0.35392902   0.00000000     0.00000000  -0.06784508
 -0.00000000  -0.06784508    -0.00000000  -0.06784508    -0.38002651   0.00000000
    2    2
  0.87419217   0.00000000     0.12347559   0.00000000     0.00000000   0.05651643
  0.12347559   0.00000000     0.87419217   0.00000000     0.00000000   0.05651643
  0.00000000  -0.05651643     0.00000000  -0.05651643     0.89995160   0.00000000

     Dynamical  Matrix in cartesian axes

     q = (    0.500000000  -0.500000000   0.000000000 ) 

    1    1
  0.87419217   0.00000000    -0.12347559   0.00000000     0.00000000   0.05651643
 -0.12347559   0.00000000     0.87419217   0.00000000     0.00000000  -0.05651643
  0.00000000  -0.05651643    -0.00000000   0.05651643     0.89995160   0.00000000
    1    2
  0.00000000  -0.35392902     0.00000000  -0.04803756     0.06784508   0.00000000
  0.00000000  -0.04803756     0.00000000  -0.35392902    -0.06784508  -0.00000000
  0.06784508   0.00000000    -0.06784508   0.00000000     0.00000000  -0.38002651
    2    1
  0.00000000   0.35392902     0.00000000   0.04803756     0.06784508  -0.00000000
  0.00000000   0.04803756     0.00000000   0.35392902    -0.06784508   0.00000000
  0.06784508   0.00000000    -0.06784508   0.00000000     0.00000000   0.38002651
    2    2
  0.87419217   0.00000000    -0.12347559   0.00000000     0.00000000  -0.05651643
 -0.12347559   0.00000000     0.87419217   0.00000000     0.00000000   0.05651643
 -0.00000000   0.05651643    -0.00000000  -0.05651643     0.89995160   0.00000000

     Dynamical  Matrix in cartesian axes

     q = (   -0.500000000  -0.500000000   0.000000000 ) 

    1    1
  0.87419217   0.00000000     0.12347559   0.00000000     0.00000000   0.05651643
  0.12347559   0.00000000     0.87419217   0.00000000     0.00000000   0.05651643
 -0.00000000  -0.05651643    -0.00000000  -0.05651643     0.89995160   0.00000000
    1    2
 -0.35392902   0.00000000     0.04803756   0.00000000     0.00000000  -0.06784508
  0.04803756   0.00000000    -0.35392902   0.00000000     0.00000000  -0.06784508
  0.00000000  -0.06784508    -0.00000000  -0.06784508    -0.38002651   0.00000000
    2    1
 -0.35392902   0.00000000     0.04803756   0.00000000     0.00000000   0.06784508
  0.04803756   0.00000000    -0.35392902   0.00000000     0.00000000   0.06784508
 -0.00000000   0.06784508    -0.00000000   0.06784508    -0.38002651   0.00000000
    2    2
  0.87419217   0.00000000     0.12347559   0.00000000     0.00000000  -0.05651643
  0.12347559   0.00000000     0.87419217   0.00000000     0.00000000  -0.05651643
 -0.00000000   0.05651643     0.00000000   0.05651643     0.89995160   0.00000000

     Dynamical  Matrix in cartesian axes

     q = (    0.000000000  -0.500000000   0.500000000 ) 

    1    1
  0.89995160   0.00000000     0.00000000   0.05651643     0.00000000  -0.05651643
  0.00000000  -0.05651643     0.87419217   0.00000000    -0.12347559   0.00000000
  0.00000000   0.05651643    -0.12347559   0.00000000     0.87419217   0.00000000
    1    2
 -0.38002651   0.00000000    -0.00000000   0.06784508    -0.00000000  -0.06784508
 -0.00000000   0.06784508    -0.35392902   0.00000000    -0.04803756   0.00000000
 -0.00000000  -0.06784508    -0.04803756   0.00000000    -0.35392902   0.00000000
    2    1
 -0.38002651   0.00000000     0.00000000  -0.06784508    -0.00000000   0.06784508
 -0.00000000  -0.06784508    -0.35392902   0.00000000    -0.04803756   0.00000000
  0.00000000   0.06784508    -0.04803756   0.00000000    -0.35392902   0.00000000
    2    2
  0.89995160   0.00000000    -0.00000000  -0.05651643     0.00000000   0.05651643
 -0.00000000   0.05651643     0.87419217   0.00000000    -0.12347559   0.00000000
  0.00000000  -0.05651643    -0.12347559   0.00000000     0.87419217   0.00000000

     Diagonalizing the dynamical matrix

     q = (    0.500000000   0.000000000   0.500000000 ) 

 **************************************************************************
     freq (    1) =      18.568529 [THz] =     619.379467 [cm-1]
 ( -0.500000 -0.000000 -0.000000  0.000000  0.500000  0.000000 ) 
 ( -0.500000 -0.000000 -0.000000 -0.000000  0.500000  0.000000 ) 
     freq (    2) =      22.664910 [THz] =     756.020020 [cm-1]
 (  0.010216  0.000000 -0.000000  0.706959  0.010216  0.000000 ) 
 ( -0.010216  0.000000 -0.000000  0.706959 -0.010216  0.000000 ) 
     freq (    3) =      25.217022 [THz] =     841.149301 [cm-1]
 (  0.481955  0.000000 -0.000000 -0.188250  0.481955  0.000000 ) 
 (  0.481955  0.000000  0.000000  0.188250  0.481955  0.000000 ) 
     freq (    4) =      33.757896 [THz] =    1126.042209 [cm-1]
 ( -0.500000 -0.000000  0.000000 -0.000000  0.500000 -0.000000 ) 
 (  0.500000  0.000000 -0.000000  0.000000 -0.500000  0.000000 ) 
     freq (    5) =      35.903792 [THz] =    1197.621584 [cm-1]
 (  0.499896  0.000000 -0.000000 -0.014448  0.499896  0.000000 ) 
 ( -0.499896 -0.000000  0.000000 -0.014448 -0.499896  0.000000 ) 
     freq (    6) =      36.241811 [THz] =    1208.896691 [cm-1]
 (  0.133113  0.000000 -0.000000  0.681588  0.133113  0.000000 ) 
 (  0.133113 -0.000000  0.000000 -0.681588  0.133113  0.000000 ) 
 **************************************************************************
