Dynamical matrix file
phonons of Carbon diamond on a grid                                        
  1    2   2   6.7406531   0.0000000   0.0000000   0.0000000   0.0000000   0.0000000
           1  'C   '    10947.3568039781     
    1    1      0.0000000000      0.0000000000      0.0000000000
    2    1     -0.2500000000      0.2500000000      0.2500000000

     Dynamical  Matrix in cartesian axes

     q = (   -0.500000000  -1.000000000  -0.000000000 ) 

    1    1
  0.79138126   0.00000000    -0.00000000   0.00000000     0.00000000   0.00000000
  0.00000000   0.00000000     0.98823727   0.00000000     0.00000000   0.12586662
 -0.00000000   0.00000000    -0.00000000  -0.12586662     0.98823727   0.00000000
    1    2
  0.00000000   0.00000000     0.06236087   0.06236087     0.06236087  -0.06236087
  0.06236087   0.06236087    -0.00000000   0.00000000     0.00000000   0.00000000
  0.06236087  -0.06236087    -0.00000000   0.00000000     0.00000000   0.00000000
    2    1
  0.00000000  -0.00000000     0.06236087  -0.06236087     0.06236087   0.06236087
  0.06236087  -0.06236087    -0.00000000   0.00000000     0.00000000   0.00000000
  0.06236087   0.06236087    -0.00000000   0.00000000     0.00000000   0.00000000
    2    2
  0.79138126   0.00000000     0.00000000   0.00000000     0.00000000   0.00000000
 -0.00000000   0.00000000     0.98823727   0.00000000    -0.00000000  -0.12586662
  0.00000000   0.00000000    -0.00000000   0.12586662     0.98823727   0.00000000

     Dynamical  Matrix in cartesian axes

     q = (   -0.000000000   1.000000000   0.500000000 ) 

    1    1
  0.98823727   0.00000000     0.00000000   0.12586662     0.00000000   0.00000000
  0.00000000  -0.12586662     0.98823727   0.00000000     0.00000000   0.00000000
  0.00000000   0.00000000     0.00000000   0.00000000     0.79138126   0.00000000
    1    2
 -0.00000000  -0.00000000     0.00000000   0.00000000     0.06236087  -0.06236087
 -0.00000000  -0.00000000    -0.00000000   0.00000000    -0.06236087  -0.06236087
  0.06236087  -0.06236087    -0.06236087  -0.06236087     0.00000000   0.00000000
    2    1
  0.00000000   0.00000000     0.00000000   0.00000000     0.06236087   0.06236087
 -0.00000000   0.00000000    -0.00000000   0.00000000    -0.06236087   0.06236087
  0.06236087   0.06236087    -0.06236087   0.06236087     0.00000000   0.00000000
    2    2
  0.98823727   0.00000000     0.00000000  -0.12586662    -0.00000000   0.00000000
  0.00000000   0.12586662     0.98823727   0.00000000     0.00000000   0.00000000
 -0.00000000   0.00000000     0.00000000   0.00000000     0.79138126   0.00000000

     Dynamical  Matrix in cartesian axes

     q = (    0.000000000  -1.000000000  -0.500000000 ) 

    1    1
  0.98823727   0.00000000     0.00000000  -0.12586662     0.00000000   0.00000000
  0.00000000   0.12586662     0.98823727   0.00000000     0.00000000   0.00000000
  0.00000000   0.00000000     0.00000000   0.00000000     0.79138126   0.00000000
    1    2
  0.00000000   0.00000000     0.00000000   0.00000000     0.06236087   0.06236087
 -0.00000000   0.00000000    -0.00000000   0.00000000    -0.06236087   0.06236087
  0.06236087   0.06236087    -0.06236087   0.06236087    -0.00000000   0.00000000
    2    1
 -0.00000000  -0.00000000    -0.00000000  -0.00000000     0.06236087  -0.06236087
 -0.00000000  -0.00000000    -0.00000000  -0.00000000    -0.06236087  -0.06236087
  0.06236087  -0.06236087    -0.06236087  -0.06236087    -0.00000000  -0.00000000
    2    2
  0.98823727   0.00000000     0.00000000   0.12586662    -0.00000000   0.00000000
  0.00000000  -0.12586662     0.98823727   0.00000000     0.00000000   0.00000000
  0.00000000   0.00000000     0.00000000   0.00000000     0.79138126   0.00000000

     Dynamical  Matrix in cartesian axes

     q = (    0.500000000   1.000000000   0.000000000 ) 

    1    1
  0.79138126   0.00000000     0.00000000   0.00000000     0.00000000   0.00000000
 -0.00000000   0.00000000     0.98823727   0.00000000    -0.00000000  -0.12586662
 -0.00000000   0.00000000    -0.00000000   0.12586662     0.98823727   0.00000000
    1    2
 -0.00000000  -0.00000000     0.06236087  -0.06236087     0.06236087   0.06236087
  0.06236087  -0.06236087    -0.00000000   0.00000000     0.00000000  -0.00000000
  0.06236087   0.06236087    -0.00000000  -0.00000000     0.00000000   0.00000000
    2    1
  0.00000000   0.00000000     0.06236087   0.06236087     0.06236087  -0.06236087
  0.06236087   0.06236087    -0.00000000  -0.00000000     0.00000000   0.00000000
  0.06236087  -0.06236087    -0.00000000   0.00000000     0.00000000  -0.00000000
    2    2
  0.79138126   0.00000000    -0.00000000   0.00000000     0.00000000   0.00000000
  0.00000000   0.00000000     0.98823727   0.00000000     0.00000000   0.12586662
 -0.00000000   0.00000000    -0.00000000  -0.12586662     0.98823727   0.00000000

     Dynamical  Matrix in cartesian axes

     q = (   -1.000000000  -0.500000000   0.000000000 ) 

    1    1
  0.98823727   0.00000000     0.00000000   0.00000000     0.00000000   0.12586662
  0.00000000   0.00000000     0.79138126   0.00000000     0.00000000   0.00000000
  0.00000000  -0.12586662     0.00000000   0.00000000     0.98823727   0.00000000
    1    2
 -0.00000000   0.00000000     0.06236087  -0.06236087    -0.00000000   0.00000000
  0.06236087  -0.06236087    -0.00000000   0.00000000    -0.06236087  -0.06236087
 -0.00000000   0.00000000    -0.06236087  -0.06236087    -0.00000000   0.00000000
    2    1
 -0.00000000  -0.00000000     0.06236087   0.06236087    -0.00000000  -0.00000000
  0.06236087   0.06236087    -0.00000000   0.00000000    -0.06236087   0.06236087
 -0.00000000  -0.00000000    -0.06236087   0.06236087    -0.00000000  -0.00000000
    2    2
  0.98823727   0.00000000     0.00000000   0.00000000     0.00000000  -0.12586662
  0.00000000   0.00000000     0.79138126   0.00000000    -0.00000000   0.00000000
  0.00000000   0.12586662     0.00000000   0.00000000     0.98823727   0.00000000

     Dynamical  Matrix in cartesian axes

     q = (    0.000000000  -0.500000000  -1.000000000 ) 

    1    1
  0.98823727   0.00000000     0.00000000   0.00000000     0.00000000  -0.12586662
  0.00000000   0.00000000     0.79138126   0.00000000     0.00000000   0.00000000
  0.00000000   0.12586662     0.00000000   0.00000000     0.98823727   0.00000000
    1    2
  0.00000000   0.00000000     0.06236087   0.06236087     0.00000000   0.00000000
  0.06236087   0.06236087     0.00000000  -0.00000000    -0.06236087   0.06236087
  0.00000000   0.00000000    -0.06236087   0.06236087     0.00000000   0.00000000
    2    1
  0.00000000   0.00000000     0.06236087  -0.06236087     0.00000000   0.00000000
  0.06236087  -0.06236087     0.00000000   0.00000000    -0.06236087  -0.06236087
  0.00000000   0.00000000    -0.06236087  -0.06236087     0.00000000   0.00000000
    2    2
  0.98823727   0.00000000    -0.00000000   0.00000000     0.00000000   0.12586662
  0.00000000   0.00000000     0.79138126   0.00000000     0.00000000   0.00000000
  0.00000000  -0.12586662     0.00000000   0.00000000     0.98823727   0.00000000

     Diagonalizing the dynamical matrix

     q = (   -0.500000000  -1.000000000   0.000000000 ) 

 **************************************************************************
     freq (    1) =      27.208401 [THz] =     907.574577 [cm-1]
 (  0.666522 -0.666522 -0.004939 -0.019733 -0.019733  0.004939 ) 
 (  0.072263  0.043329  0.000000  0.227563 -0.227563  0.000000 ) 
     freq (    2) =      27.208401 [THz] =     907.574577 [cm-1]
 (  0.059579 -0.059579  0.055257  0.220752  0.220752 -0.055257 ) 
 ( -0.808420 -0.484728  0.000000  0.020341 -0.020341  0.000000 ) 
     freq (    3) =      29.198960 [THz] =     973.972469 [cm-1]
 ( -0.000000  0.000000  0.490227 -0.472719  0.472719  0.490227 ) 
 (  0.000000  0.000000 -0.000000 -0.190299 -0.190299  0.000000 ) 
     freq (    4) =      29.198960 [THz] =     973.972469 [cm-1]
 (  0.000000  0.000000 -0.136986  0.132094 -0.132094 -0.136986 ) 
 (  0.000000 -0.000000 -0.000000 -0.681018 -0.681018  0.000000 ) 
     freq (    5) =      33.816462 [THz] =    1127.995755 [cm-1]
 ( -0.000000  0.000000 -0.567736  0.354228  0.354228  0.567736 ) 
 ( -0.072895  0.314775  0.000000  0.000000 -0.000000  0.000000 ) 
     freq (    6) =      33.816462 [THz] =    1127.995755 [cm-1]
 (  0.228470 -0.228470 -0.000000  0.000000  0.000000  0.000000 ) 
 ( -0.000000  0.000000 -0.000000 -0.669180  0.669180  0.000000 ) 
 **************************************************************************
