   4   4   4
   8
   0.000000000000000E+00   0.000000000000000E+00   0.000000000000000E+00
  -0.249999999999996E+00   0.249999999999996E+00  -0.249999999999996E+00
   0.499999999999991E+00  -0.499999999999991E+00   0.499999999999991E+00
   0.000000000000000E+00   0.499999999999991E+00   0.000000000000000E+00
   0.749999999999986E+00  -0.249999999999996E+00   0.749999999999986E+00
   0.499999999999991E+00   0.000000000000000E+00   0.499999999999991E+00
   0.000000000000000E+00  -0.999999999999982E+00   0.000000000000000E+00
  -0.499999999999991E+00  -0.999999999999982E+00   0.000000000000000E+00
