Dynamical matrix file
phonons of Carbon diamond on a grid                                        
  1    2   2   6.7406531   0.0000000   0.0000000   0.0000000   0.0000000   0.0000000
           1  'C   '    10947.3568039781     
    1    1      0.0000000000      0.0000000000      0.0000000000
    2    1     -0.2500000000      0.2500000000      0.2500000000

     Dynamical  Matrix in cartesian axes

     q = (    0.000000000   0.000000000   0.000000000 ) 

    1    1
  0.73754697   0.00000000     0.00000000   0.00000000     0.00000000   0.00000000
  0.00000000   0.00000000     0.73754697   0.00000000    -0.00000000   0.00000000
  0.00000000   0.00000000    -0.00000000   0.00000000     0.73754697   0.00000000
    1    2
 -0.73742751   0.00000000     0.00000000   0.00000000     0.00000000   0.00000000
  0.00000000   0.00000000    -0.73742751   0.00000000     0.00000000   0.00000000
  0.00000000   0.00000000     0.00000000   0.00000000    -0.73742751   0.00000000
    2    1
 -0.73742751   0.00000000     0.00000000   0.00000000     0.00000000   0.00000000
  0.00000000   0.00000000    -0.73742751   0.00000000    -0.00000000   0.00000000
  0.00000000   0.00000000    -0.00000000   0.00000000    -0.73742751   0.00000000
    2    2
  0.73754697   0.00000000     0.00000000   0.00000000    -0.00000000   0.00000000
 -0.00000000   0.00000000     0.73754697   0.00000000    -0.00000000   0.00000000
  0.00000000   0.00000000    -0.00000000   0.00000000     0.73754697   0.00000000

     Dielectric Tensor:

          5.855235308824          0.000000000000          0.000000000000
          0.000000000000          5.855235308824         -0.000000000000
          0.000000000000          0.000000000000          5.855235308824

     Effective Charges E-U: Z_{alpha}{s,beta}

     atom #    1
         -0.006826522847         -0.000000000000         -0.000000000000
          0.000000000000         -0.006826522847         -0.000000000000
          0.000000000000          0.000000000000         -0.006826522847
     atom #    2
         -0.006826522847         -0.000000000000          0.000000000000
         -0.000000000000         -0.006826522847          0.000000000000
         -0.000000000000          0.000000000000         -0.006826522847

     Effective Charges U-E: Z_{s,alpha}{beta}

     atom #    1
     -0.653548750490E-02      0.355271367880E-14      0.000000000000E+00
      0.222044604925E-14     -0.653548750490E-02     -0.444089209850E-15
      0.444089209850E-15     -0.444089209850E-15     -0.653548750490E-02
     atom #    2
     -0.653548750490E-02     -0.133226762955E-14      0.444089209850E-15
     -0.111022302463E-14     -0.653548750490E-02      0.111022302463E-14
     -0.888178419700E-15      0.888178419700E-15     -0.653548750490E-02

     Diagonalizing the dynamical matrix

     q = (    0.000000000   0.000000000   0.000000000 ) 

 **************************************************************************
     freq (    1) =       0.343655 [THz] =      11.463099 [cm-1]
 (  0.621349  0.000000 -0.224206  0.000000  0.252303  0.000000 ) 
 (  0.621349  0.000000 -0.224206  0.000000  0.252303  0.000000 ) 
     freq (    2) =       0.343655 [THz] =      11.463099 [cm-1]
 (  0.005570  0.000000  0.535303  0.000000  0.461973  0.000000 ) 
 (  0.005570  0.000000  0.535303  0.000000  0.461973  0.000000 ) 
     freq (    3) =       0.343655 [THz] =      11.463099 [cm-1]
 ( -0.337482  0.000000 -0.403958  0.000000  0.472148  0.000000 ) 
 ( -0.337482  0.000000 -0.403958  0.000000  0.472148  0.000000 ) 
     freq (    4) =      38.186746 [THz] =    1273.772737 [cm-1]
 (  0.034351  0.000000 -0.572567  0.000000  0.413506  0.000000 ) 
 ( -0.034351  0.000000  0.572567  0.000000 -0.413506  0.000000 ) 
     freq (    5) =      38.186746 [THz] =    1273.772737 [cm-1]
 ( -0.189165  0.000000  0.391410  0.000000  0.557687  0.000000 ) 
 (  0.189165  0.000000 -0.391410  0.000000 -0.557687  0.000000 ) 
     freq (    6) =      38.186746 [THz] =    1273.772737 [cm-1]
 (  0.680468  0.000000  0.137713  0.000000  0.134158  0.000000 ) 
 ( -0.680468  0.000000 -0.137713  0.000000 -0.134158  0.000000 ) 
 **************************************************************************
