Dynamical matrix file
phonons of Carbon diamond on a grid                                        
  1    2   2   6.7406531   0.0000000   0.0000000   0.0000000   0.0000000   0.0000000
           1  'C   '    10947.3568039781     
    1    1      0.0000000000      0.0000000000      0.0000000000
    2    1     -0.2500000000      0.2500000000      0.2500000000

     Dynamical  Matrix in cartesian axes

     q = (    0.000000000   0.500000000   0.000000000 ) 

    1    1
  0.75164454   0.00000000     0.00000000   0.00000000     0.00000000  -0.00000000
  0.00000000  -0.00000000     1.01084615   0.00000000     0.00000000  -0.00000000
  0.00000000  -0.00000000     0.00000000   0.00000000     0.75164454  -0.00000000
    1    2
 -0.34894832   0.34894832    -0.00000000   0.00000000     0.06567412   0.06567412
 -0.00000000   0.00000000    -0.36480078   0.36480078     0.00000000  -0.00000000
  0.06567412   0.06567412     0.00000000   0.00000000    -0.34894832   0.34894832
    2    1
 -0.34894832  -0.34894832    -0.00000000  -0.00000000     0.06567412  -0.06567412
 -0.00000000  -0.00000000    -0.36480078  -0.36480078    -0.00000000  -0.00000000
  0.06567412  -0.06567412     0.00000000  -0.00000000    -0.34894832  -0.34894832
    2    2
  0.75164454   0.00000000     0.00000000   0.00000000     0.00000000   0.00000000
  0.00000000  -0.00000000     1.01084615   0.00000000     0.00000000  -0.00000000
  0.00000000   0.00000000     0.00000000   0.00000000     0.75164454  -0.00000000

     Dynamical  Matrix in cartesian axes

     q = (    0.000000000  -0.500000000   0.000000000 ) 

    1    1
  0.75164454   0.00000000     0.00000000   0.00000000    -0.00000000   0.00000000
  0.00000000   0.00000000     1.01084615   0.00000000    -0.00000000  -0.00000000
 -0.00000000   0.00000000     0.00000000  -0.00000000     0.75164454   0.00000000
    1    2
 -0.34894832  -0.34894832     0.00000000   0.00000000     0.06567412  -0.06567412
  0.00000000  -0.00000000    -0.36480078  -0.36480078     0.00000000  -0.00000000
  0.06567412  -0.06567412     0.00000000   0.00000000    -0.34894832  -0.34894832
    2    1
 -0.34894832   0.34894832    -0.00000000  -0.00000000     0.06567412   0.06567412
 -0.00000000   0.00000000    -0.36480078   0.36480078    -0.00000000  -0.00000000
  0.06567412   0.06567412     0.00000000  -0.00000000    -0.34894832   0.34894832
    2    2
  0.75164454  -0.00000000     0.00000000  -0.00000000     0.00000000  -0.00000000
  0.00000000  -0.00000000     1.01084615  -0.00000000     0.00000000   0.00000000
 -0.00000000  -0.00000000     0.00000000   0.00000000     0.75164454  -0.00000000

     Dynamical  Matrix in cartesian axes

     q = (    0.500000000   0.000000000   0.000000000 ) 

    1    1
  1.01084615  -0.00000000     0.00000000  -0.00000000    -0.00000000  -0.00000000
  0.00000000  -0.00000000     0.75164454   0.00000000     0.00000000  -0.00000000
  0.00000000  -0.00000000     0.00000000  -0.00000000     0.75164454   0.00000000
    1    2
 -0.36480078  -0.36480078    -0.00000000  -0.00000000    -0.00000000   0.00000000
  0.00000000  -0.00000000    -0.34894832  -0.34894832    -0.06567412   0.06567412
  0.00000000   0.00000000    -0.06567412   0.06567412    -0.34894832  -0.34894832
    2    1
 -0.36480078   0.36480078    -0.00000000   0.00000000    -0.00000000  -0.00000000
  0.00000000   0.00000000    -0.34894832   0.34894832    -0.06567412  -0.06567412
 -0.00000000  -0.00000000    -0.06567412  -0.06567412    -0.34894832   0.34894832
    2    2
  1.01084615   0.00000000     0.00000000  -0.00000000    -0.00000000  -0.00000000
  0.00000000  -0.00000000     0.75164454  -0.00000000    -0.00000000   0.00000000
  0.00000000  -0.00000000     0.00000000   0.00000000     0.75164454  -0.00000000

     Dynamical  Matrix in cartesian axes

     q = (    0.000000000   0.000000000   0.500000000 ) 

    1    1
  0.75164454   0.00000000     0.00000000  -0.00000000     0.00000000   0.00000000
  0.00000000  -0.00000000     0.75164454  -0.00000000     0.00000000   0.00000000
  0.00000000  -0.00000000     0.00000000   0.00000000     1.01084615  -0.00000000
    1    2
 -0.34894832   0.34894832     0.06567412   0.06567412    -0.00000000   0.00000000
  0.06567412   0.06567412    -0.34894832   0.34894832    -0.00000000   0.00000000
 -0.00000000   0.00000000    -0.00000000   0.00000000    -0.36480078   0.36480078
    2    1
 -0.34894832  -0.34894832     0.06567412  -0.06567412    -0.00000000  -0.00000000
  0.06567412  -0.06567412    -0.34894832  -0.34894832     0.00000000  -0.00000000
 -0.00000000  -0.00000000     0.00000000   0.00000000    -0.36480078  -0.36480078
    2    2
  0.75164454   0.00000000     0.00000000   0.00000000     0.00000000  -0.00000000
  0.00000000   0.00000000     0.75164454   0.00000000     0.00000000   0.00000000
  0.00000000  -0.00000000     0.00000000   0.00000000     1.01084615  -0.00000000

     Dynamical  Matrix in cartesian axes

     q = (    0.000000000   0.000000000  -0.500000000 ) 

    1    1
  0.75164454  -0.00000000    -0.00000000   0.00000000     0.00000000  -0.00000000
 -0.00000000   0.00000000     0.75164454   0.00000000    -0.00000000  -0.00000000
  0.00000000   0.00000000    -0.00000000   0.00000000     1.01084615   0.00000000
    1    2
 -0.34894832  -0.34894832     0.06567412  -0.06567412     0.00000000   0.00000000
  0.06567412  -0.06567412    -0.34894832  -0.34894832     0.00000000   0.00000000
  0.00000000   0.00000000    -0.00000000   0.00000000    -0.36480078  -0.36480078
    2    1
 -0.34894832   0.34894832     0.06567412   0.06567412     0.00000000   0.00000000
  0.06567412   0.06567412    -0.34894832   0.34894832     0.00000000   0.00000000
  0.00000000   0.00000000     0.00000000   0.00000000    -0.36480078   0.36480078
    2    2
  0.75164454   0.00000000    -0.00000000  -0.00000000     0.00000000  -0.00000000
 -0.00000000  -0.00000000     0.75164454  -0.00000000     0.00000000   0.00000000
  0.00000000  -0.00000000    -0.00000000   0.00000000     1.01084615  -0.00000000

     Dynamical  Matrix in cartesian axes

     q = (   -0.500000000   0.000000000   0.000000000 ) 

    1    1
  1.01084615  -0.00000000     0.00000000  -0.00000000     0.00000000  -0.00000000
  0.00000000  -0.00000000     0.75164454  -0.00000000     0.00000000   0.00000000
 -0.00000000  -0.00000000     0.00000000   0.00000000     0.75164454  -0.00000000
    1    2
 -0.36480078   0.36480078     0.00000000   0.00000000     0.00000000   0.00000000
 -0.00000000  -0.00000000    -0.34894832   0.34894832    -0.06567412  -0.06567412
  0.00000000   0.00000000    -0.06567412  -0.06567412    -0.34894832   0.34894832
    2    1
 -0.36480078  -0.36480078     0.00000000  -0.00000000     0.00000000   0.00000000
 -0.00000000  -0.00000000    -0.34894832  -0.34894832    -0.06567412   0.06567412
 -0.00000000   0.00000000    -0.06567412   0.06567412    -0.34894832  -0.34894832
    2    2
  1.01084615   0.00000000    -0.00000000  -0.00000000     0.00000000   0.00000000
  0.00000000   0.00000000     0.75164454  -0.00000000     0.00000000  -0.00000000
 -0.00000000   0.00000000     0.00000000  -0.00000000     0.75164454   0.00000000

     Diagonalizing the dynamical matrix

     q = (    0.000000000   0.500000000   0.000000000 ) 

 **************************************************************************
     freq (    1) =      15.705425 [THz] =     523.876594 [cm-1]
 (  0.209422 -0.664193  0.000000  0.000000 -0.055068 -0.109351 ) 
 (  0.628584 -0.308924  0.000000  0.000000  0.097199  0.000000 ) 
     freq (    2) =      15.705425 [THz] =     523.876594 [cm-1]
 ( -0.122429 -0.001191 -0.000000  0.000000  0.503725 -0.480907 ) 
 ( -0.087233  0.042872 -0.000000 -0.000000  0.700394  0.000000 ) 
     freq (    3) =      22.120587 [THz] =     737.863369 [cm-1]
 ( -0.000000 -0.000000  0.538623 -0.458133  0.000000 -0.000000 ) 
 ( -0.000000  0.000000  0.704813  0.056915  0.000000  0.000000 ) 
     freq (    4) =      35.207390 [THz] =    1174.392118 [cm-1]
 (  0.101717  0.140795 -0.000000  0.000000 -0.480989  0.488344 ) 
 (  0.028118 -0.041748 -0.000000  0.000000  0.705313  0.000000 ) 
     freq (    5) =      35.207390 [THz] =    1174.392118 [cm-1]
 (  0.126144  0.673735 -0.000000  0.000000  0.163017 -0.059957 ) 
 (  0.394003 -0.585003  0.000000  0.000000 -0.050334  0.000000 ) 
     freq (    6) =      38.851223 [THz] =    1295.937317 [cm-1]
 (  0.000000  0.000000  0.399781 -0.583245  0.000000 -0.000000 ) 
 (  0.000000 -0.000000 -0.695105  0.129729 -0.000000  0.000000 ) 
 **************************************************************************
