Dynamical matrix file
phonons of Carbon diamond on a grid                                        
  1    2   2   6.7406531   0.0000000   0.0000000   0.0000000   0.0000000   0.0000000
           1  'C   '    10947.3568039781     
    1    1      0.0000000000      0.0000000000      0.0000000000
    2    1     -0.2500000000      0.2500000000      0.2500000000

     Dynamical  Matrix in cartesian axes

     q = (    0.500000000  -0.500000000   0.500000000 ) 

    1    1
  0.89867472   0.00000000    -0.13509315   0.00000000     0.13509315   0.00000000
 -0.13509315   0.00000000     0.89867472   0.00000000    -0.13509315   0.00000000
  0.13509315   0.00000000    -0.13509315   0.00000000     0.89867472   0.00000000
    1    2
 -0.40558478   0.00000000    -0.08397869   0.00000000     0.08397869   0.00000000
 -0.08397869   0.00000000    -0.40558478   0.00000000    -0.08397869   0.00000000
  0.08397869   0.00000000    -0.08397869   0.00000000    -0.40558478   0.00000000
    2    1
 -0.40558478   0.00000000    -0.08397869   0.00000000     0.08397869   0.00000000
 -0.08397869   0.00000000    -0.40558478   0.00000000    -0.08397869   0.00000000
  0.08397869   0.00000000    -0.08397869   0.00000000    -0.40558478   0.00000000
    2    2
  0.89867472   0.00000000    -0.13509315   0.00000000     0.13509315   0.00000000
 -0.13509315   0.00000000     0.89867472   0.00000000    -0.13509315   0.00000000
  0.13509315   0.00000000    -0.13509315   0.00000000     0.89867472   0.00000000

     Dynamical  Matrix in cartesian axes

     q = (    0.500000000   0.500000000   0.500000000 ) 

    1    1
  0.89867472   0.00000000     0.13509315   0.00000000     0.13509315   0.00000000
  0.13509315   0.00000000     0.89867472   0.00000000     0.13509315   0.00000000
  0.13509315   0.00000000     0.13509315   0.00000000     0.89867472   0.00000000
    1    2
 -0.40558478   0.00000000     0.08397869   0.00000000     0.08397869   0.00000000
  0.08397869   0.00000000    -0.40558478   0.00000000     0.08397869   0.00000000
  0.08397869   0.00000000     0.08397869   0.00000000    -0.40558478   0.00000000
    2    1
 -0.40558478   0.00000000     0.08397869   0.00000000     0.08397869   0.00000000
  0.08397869   0.00000000    -0.40558478   0.00000000     0.08397869   0.00000000
  0.08397869   0.00000000     0.08397869   0.00000000    -0.40558478   0.00000000
    2    2
  0.89867472   0.00000000     0.13509315   0.00000000     0.13509315   0.00000000
  0.13509315   0.00000000     0.89867472   0.00000000     0.13509315   0.00000000
  0.13509315   0.00000000     0.13509315   0.00000000     0.89867472   0.00000000

     Dynamical  Matrix in cartesian axes

     q = (   -0.500000000   0.500000000   0.500000000 ) 

    1    1
  0.89867472   0.00000000    -0.13509315   0.00000000    -0.13509315   0.00000000
 -0.13509315   0.00000000     0.89867472   0.00000000     0.13509315   0.00000000
 -0.13509315   0.00000000     0.13509315   0.00000000     0.89867472   0.00000000
    1    2
  0.40558478  -0.00000000     0.08397869  -0.00000000     0.08397869  -0.00000000
  0.08397869  -0.00000000     0.40558478  -0.00000000    -0.08397869   0.00000000
  0.08397869  -0.00000000    -0.08397869   0.00000000     0.40558478  -0.00000000
    2    1
  0.40558478   0.00000000     0.08397869   0.00000000     0.08397869   0.00000000
  0.08397869   0.00000000     0.40558478   0.00000000    -0.08397869  -0.00000000
  0.08397869   0.00000000    -0.08397869  -0.00000000     0.40558478   0.00000000
    2    2
  0.89867472   0.00000000    -0.13509315   0.00000000    -0.13509315   0.00000000
 -0.13509315   0.00000000     0.89867472   0.00000000     0.13509315   0.00000000
 -0.13509315   0.00000000     0.13509315   0.00000000     0.89867472   0.00000000

     Dynamical  Matrix in cartesian axes

     q = (    0.500000000   0.500000000  -0.500000000 ) 

    1    1
  0.89867472   0.00000000     0.13509315   0.00000000    -0.13509315   0.00000000
  0.13509315   0.00000000     0.89867472   0.00000000    -0.13509315   0.00000000
 -0.13509315   0.00000000    -0.13509315   0.00000000     0.89867472   0.00000000
    1    2
 -0.40558478   0.00000000     0.08397869   0.00000000    -0.08397869   0.00000000
  0.08397869   0.00000000    -0.40558478   0.00000000    -0.08397869   0.00000000
 -0.08397869   0.00000000    -0.08397869   0.00000000    -0.40558478   0.00000000
    2    1
 -0.40558478   0.00000000     0.08397869   0.00000000    -0.08397869   0.00000000
  0.08397869   0.00000000    -0.40558478   0.00000000    -0.08397869   0.00000000
 -0.08397869   0.00000000    -0.08397869   0.00000000    -0.40558478   0.00000000
    2    2
  0.89867472   0.00000000     0.13509315   0.00000000    -0.13509315   0.00000000
  0.13509315   0.00000000     0.89867472   0.00000000    -0.13509315   0.00000000
 -0.13509315   0.00000000    -0.13509315   0.00000000     0.89867472   0.00000000

     Diagonalizing the dynamical matrix

     q = (    0.500000000  -0.500000000   0.500000000 ) 

 **************************************************************************
     freq (    1) =      16.459249 [THz] =     549.021454 [cm-1]
 (  0.521375  0.000000  0.045919  0.000000 -0.475457  0.000000 ) 
 (  0.521375  0.000000  0.045919  0.000000 -0.475457  0.000000 ) 
     freq (    2) =      16.459249 [THz] =     549.021454 [cm-1]
 ( -0.247994  0.000000 -0.575521  0.000000 -0.327527  0.000000 ) 
 ( -0.247994  0.000000 -0.575521  0.000000 -0.327527  0.000000 ) 
     freq (    3) =      30.342386 [THz] =    1012.113041 [cm-1]
 ( -0.408248  0.000000  0.408248  0.000000 -0.408248  0.000000 ) 
 ( -0.408248  0.000000  0.408248  0.000000 -0.408248  0.000000 ) 
     freq (    4) =      35.198250 [THz] =    1174.087235 [cm-1]
 ( -0.390094  0.000000 -0.563653  0.000000 -0.173559  0.000000 ) 
 (  0.390094  0.000000  0.563653  0.000000  0.173559  0.000000 ) 
     freq (    5) =      35.198250 [THz] =    1174.087235 [cm-1]
 (  0.425629  0.000000 -0.125017  0.000000 -0.550646  0.000000 ) 
 ( -0.425629  0.000000  0.125017  0.000000  0.550646  0.000000 ) 
     freq (    6) =      37.289665 [THz] =    1243.849326 [cm-1]
 ( -0.408248  0.000000  0.408248  0.000000 -0.408248  0.000000 ) 
 (  0.408248  0.000000 -0.408248  0.000000  0.408248  0.000000 ) 
 **************************************************************************
